1
1
14
0
(4 0
((0,0,0) (31,31,31) (0,0,0))
((32,0,0) (63,31,31) (0,0,0))
((0,32,0) (31,63,31) (0,0,0))
((32,32,0) (63,63,31) (0,0,0))
)
4
FabOnDisk: Cell_D_00000 0
FabOnDisk: Cell_D_00000 3670106
FabOnDisk: Cell_D_00001 0
FabOnDisk: Cell_D_00001 3670107

4,14
-1.1704716293818651e-16,-9.1477825202338777e-11,5.0157476421711283e-02,-8.8220422205004415e-14,-1.5339677016595695e-08,-4.3377820324865036e-08,1.0132569444999953e+05,1.0000000000000000e+00,1.6929208433593583e+00,4.0696880176943236e-05,8.8623495856681181e-02,4.0696880860159178e-05,-5.8585348446167832e-10,1.0000000000000000e+00,
-1.1979900418157860e-16,-9.1477828400850242e-11,5.0157476421711283e-02,-8.7678263952765125e-14,-1.5339677584112177e-08,-4.3377820700617071e-08,1.0132569444999953e+05,1.0000000000000000e+00,1.6929208433593583e+00,4.0696880177895132e-05,8.8623495858945009e-02,4.0696880859501562e-05,-5.8585416622733321e-10,1.0000000000000000e+00,
-1.2619310564631751e-16,-9.2603750187690281e-11,5.0157476421711290e-02,-6.9664961640365034e-14,-1.5385506693207252e-08,-4.3377815544630191e-08,1.0132569444999953e+05,1.0000000000000000e+00,1.6929208433593583e+00,4.0696880177644424e-05,8.8623495858226334e-02,4.0696880861197383e-05,-5.8585320949386837e-10,1.0000000000000000e+00,
-1.3025635156562018e-16,-9.2603739346555630e-11,5.0157476421711283e-02,-6.8651186069751401e-14,-1.5385501906189546e-08,-4.3377812472841862e-08,1.0132569444999953e+05,1.0000000000000000e+00,1.6929208433593583e+00,4.0696880176405974e-05,8.8623495855423437e-02,4.0696880861037402e-05,-5.8585334874989500e-10,1.0000000000000000e+00,

4,14
1.2381408332521883e-16,9.2603734160300241e-11,9.8041902919823865e-01,6.9335697539286844e-14,1.5385493079152949e-08,2.5155658209284511e-08,1.0133107643750052e+05,1.0000000000000000e+00,2.1776483977632479e+03,3.2070329203027614e+00,5.4292528761326126e+00,3.2070329203027614e+00,5.8295348524092830e-10,1.0000000000000000e+00,
1.2406968170897034e-16,9.2603746342925507e-11,9.8041902919823865e-01,7.1036960977463346e-14,1.5385494504184117e-08,2.5155658002850035e-08,1.0133107643750052e+05,1.0000000000000000e+00,2.1776483977631556e+03,3.2070329203027619e+00,5.4292528761326126e+00,3.2070329203027619e+00,5.8295341425219352e-10,1.0000000000000000e+00,
1.1988945036940587e-16,9.1477824968309840e-11,9.8041902919823853e-01,8.6082741882519953e-14,1.5339672939555231e-08,2.5155656625267718e-08,1.0133107643750052e+05,1.0000000000000000e+00,2.1776483977630519e+03,3.2070329203027614e+00,5.4292528761326109e+00,3.2070329203027614e+00,5.8295330502981363e-10,1.0000000000000000e+00,
1.2155560794931641e-16,9.1477820042237534e-11,9.8041902919823865e-01,8.7042174635904058e-14,1.5339667891354701e-08,2.5155657660947346e-08,1.0133107643750052e+05,1.0000000000000000e+00,2.1776483977632247e+03,3.2070329203027619e+00,5.4292528761326109e+00,3.2070329203027619e+00,5.8295388814489972e-10,1.0000000000000000e+00,

