1
1
14
0
(2 0
((0,0,0) (15,31,15) (0,0,0))
((16,0,0) (31,31,15) (0,0,0))
)
2
FabOnDisk: Cell_D_00000 0
FabOnDisk: Cell_D_00001 0

2,14
-5.4424219832912855e-16,-6.5666714253225219e-10,1.2392080327419600e-01,-9.6580346765378262e-14,-5.7238418317924222e-08,-9.2362980288788960e-08,1.0132812499999788e+05,1.0000000000000000e+00,2.8226254599032492e+00,5.5065267766127625e-05,4.0182763837166918e-01,5.5065268531473501e-05,-2.5060801136506826e-09,1.0000000000000000e+00,
-5.4449656291623782e-16,-6.5666713446308453e-10,1.2392080327419602e-01,-9.6559979276059026e-14,-5.7238414718311255e-08,-9.2362982835090172e-08,1.0132812499999788e+05,1.0000000000000000e+00,2.8226254599032496e+00,5.5065267766097810e-05,4.0182763837177898e-01,5.5065268532400027e-05,-2.5060805423192515e-09,1.0000000000000000e+00,

2,14
1.5452473746148705e-16,6.5666714307852682e-10,8.1448349620196159e-01,9.5859117649949198e-14,5.7238382270093239e-08,5.3324003348764644e-08,1.0133984375000205e+05,1.0000000000000000e+00,7.2972974557904690e+03,4.1149429613519759e+00,1.1614942769270721e+01,4.1149429613519759e+00,2.4986774484934761e-09,1.0000000000000000e+00,
1.5382496443565778e-16,6.5666714842365358e-10,8.1448349620196159e-01,9.6325261919809903e-14,5.7238383118868341e-08,5.3324002994597200e-08,1.0133984375000205e+05,1.0000000000000000e+00,7.2972974557899161e+03,4.1149429613519759e+00,1.1614942769270721e+01,4.1149429613519759e+00,2.4986775421466157e-09,1.0000000000000000e+00,

