1
1
14
0
(2 0
((0,0,0) (15,31,15) (0,0,0))
((16,0,0) (31,31,15) (0,0,0))
)
2
FabOnDisk: Cell_D_00000 0
FabOnDisk: Cell_D_00001 0

2,14
2.8019489232348705e-12,-1.3502909700573902e-10,1.1252744583058881e-01,-4.7768614792600451e-14,-1.5886090994513811e-08,-2.5680688364123973e-08,1.0133055549999983e+05,1.0000000000000000e+00,4.8507029211937773e+00,4.6801356049042152e-05,7.1125177052103006e-01,4.6801356217076596e-05,-5.9305722903288057e-10,1.0000000000000000e+00,
2.8019503645374739e-12,-1.3502910704580898e-10,1.1252744583058880e-01,-4.8426186722347480e-14,-1.5886090285463791e-08,-2.5680686846078506e-08,1.0133055549999983e+05,1.0000000000000000e+00,4.8507029211937773e+00,4.6801356049588401e-05,7.1125177052939015e-01,4.6801356217258952e-05,-5.9305751636478102e-10,1.0000000000000000e+00,

2,14
2.8995487781701299e-12,1.3502910308782588e-10,5.8420032117174026e-01,4.8807401401856862e-14,1.5886178242945849e-08,1.6587193941920632e-08,1.0135138862500030e+05,1.0000000000000000e+00,1.5197247057892109e+04,4.0396780088944322e+00,1.9595277918781115e+01,4.0396780088944322e+00,5.9175515469711609e-10,1.0000000000000000e+00,
2.8995354102266538e-12,1.3502911891475455e-10,5.8420032117174026e-01,4.8726636970188818e-14,1.5886176960439072e-08,1.6587194889176883e-08,1.0135138862500030e+05,1.0000000000000000e+00,1.5197247057891480e+04,4.0396780088944331e+00,1.9595277918781115e+01,4.0396780088944331e+00,5.9175482700989507e-10,1.0000000000000000e+00,

