1
1
14
0
(4 0
((0,0,0) (31,31,31) (0,0,0))
((32,0,0) (63,31,31) (0,0,0))
((0,32,0) (31,63,31) (0,0,0))
((32,32,0) (63,63,31) (0,0,0))
)
4
FabOnDisk: Cell_D_00000 0
FabOnDisk: Cell_D_00000 3670106
FabOnDisk: Cell_D_00001 0
FabOnDisk: Cell_D_00001 3670107

4,14
-3.4201506473292343e-16,-1.2171607927420602e-10,3.8367007510663180e-02,-2.0713375491626388e-13,-1.4343157192298653e-08,-4.3044296144224148e-08,1.0132539062499948e+05,1.0000000000000000e+00,1.2559107152102384e+00,8.5196256379964244e-05,5.1049433359763870e-02,8.5196265647082743e-05,-8.0887926675159459e-10,1.0000000000000000e+00,
-3.4471987271677526e-16,-1.2171608861016661e-10,3.8367007510663187e-02,-2.0624565780510922e-13,-1.4343156660609927e-08,-4.3044298605486389e-08,1.0132539062499948e+05,1.0000000000000000e+00,1.2559107152102384e+00,8.5196256381367608e-05,5.1049433360512556e-02,8.5196265645739240e-05,-8.0887937969199520e-10,1.0000000000000000e+00,
-2.7737627975491547e-16,-1.2378208633456862e-10,3.8367007510663180e-02,-2.3905522427680874e-13,-1.4411939296233996e-08,-4.3044293017468760e-08,1.0132539062499948e+05,1.0000000000000000e+00,1.2559107152102384e+00,8.5196256379825304e-05,5.1049433359720869e-02,8.5196265647889159e-05,-8.0887933218132213e-10,1.0000000000000000e+00,
-2.7623908334139746e-16,-1.2378207758853476e-10,3.8367007510663180e-02,-2.3834740391069002e-13,-1.4411939416366724e-08,-4.3044292723010984e-08,1.0132539062499948e+05,1.0000000000000000e+00,1.2559107152102384e+00,8.5196256379742701e-05,5.1049433359622129e-02,8.5196265648072809e-05,-8.0887931003540905e-10,1.0000000000000000e+00,

4,14
3.2871428366047507e-16,1.2378207898423870e-10,9.9397760490020648e-01,2.3772412428548506e-13,1.4411949023880743e-08,2.5227111529185677e-08,1.0132841796875047e+05,1.0000000000000000e+00,5.9919808466595089e+02,2.4422578232286609e+00,3.0672577695045722e+00,2.4422578232286609e+00,8.0115723546547670e-10,1.0000000000000000e+00,
3.2931133699351085e-16,1.2378208218824890e-10,9.9397760490020648e-01,2.3658663355016571e-13,1.4411946986967439e-08,2.5227111974264000e-08,1.0132841796875047e+05,1.0000000000000000e+00,5.9919808466611369e+02,2.4422578232286609e+00,3.0672577695045722e+00,2.4422578232286609e+00,8.0115841404028874e-10,1.0000000000000000e+00,
3.8509873094841287e-16,1.2171609917619725e-10,9.9397760490020648e-01,2.0767523155393604e-13,1.4343160735893641e-08,2.5227110937825238e-08,1.0132841796875047e+05,1.0000000000000000e+00,5.9919808466634993e+02,2.4422578232286609e+00,3.0672577695045722e+00,2.4422578232286609e+00,8.0115726199457053e-10,1.0000000000000000e+00,
3.7714337975303096e-16,1.2171610104388538e-10,9.9397760490020648e-01,2.0958348760287657e-13,1.4343158935742895e-08,2.5227111919885931e-08,1.0132841796875047e+05,1.0000000000000000e+00,5.9919808466615984e+02,2.4422578232286609e+00,3.0672577695045722e+00,2.4422578232286609e+00,8.0115711675627404e-10,1.0000000000000000e+00,

