1
1
14
0
(4 0
((0,0,0) (31,31,31) (0,0,0))
((32,0,0) (63,31,31) (0,0,0))
((0,32,0) (31,63,31) (0,0,0))
((32,32,0) (63,63,31) (0,0,0))
)
4
FabOnDisk: Cell_D_00000 0
FabOnDisk: Cell_D_00000 3670106
FabOnDisk: Cell_D_00001 0
FabOnDisk: Cell_D_00001 3670107

4,14
-1.5205512505350137e-16,-1.5790909636603463e-10,3.4301364563977262e-02,-4.0419630017643718e-13,-1.5353746260077805e-08,-4.5738806865964002e-08,1.0132530863749930e+05,1.0000000000000000e+00,1.1132418013041225e+00,1.9698550592435845e-04,4.4182099227497641e-02,1.9698556577201360e-04,-1.0975115762917031e-09,1.0000000000000000e+00,
-1.4313085455425589e-16,-1.5790908759681859e-10,3.4301364563977269e-02,-3.9870423149176270e-13,-1.5353742661872174e-08,-4.5738808200008621e-08,1.0132530863749930e+05,1.0000000000000000e+00,1.1132418013041225e+00,1.9698550592381323e-04,4.4182099227311339e-02,1.9698556577319492e-04,-1.0975110961440986e-09,1.0000000000000000e+00,
-1.4859934960227922e-16,-1.6211129031855093e-10,3.4301364563977269e-02,-4.0366898716793253e-13,-1.5453292792162580e-08,-4.5738808919190680e-08,1.0132530863749930e+05,1.0000000000000000e+00,1.1132418013041225e+00,1.9698550592320115e-04,4.4182099227157108e-02,1.9698556577176697e-04,-1.0975112034590297e-09,1.0000000000000000e+00,
-1.4299684988141639e-16,-1.6211128555962585e-10,3.4301364563977269e-02,-4.0412383164066885e-13,-1.5453295421532138e-08,-4.5738811388011552e-08,1.0132530863749930e+05,1.0000000000000000e+00,1.1132418013041225e+00,1.9698550592314452e-04,4.4182099227158982e-02,1.9698556577076563e-04,-1.0975110368427334e-09,1.0000000000000000e+00,

4,14
2.7459680551286899e-16,1.6211128349817885e-10,9.9720962769392807e-01,4.0544967563704486e-13,1.5453293995840883e-08,3.1766442807893457e-08,1.0132770057812543e+05,1.0000000000000000e+00,2.2429112624853502e+02,2.1803780344451016e+00,2.4272879705919963e+00,2.1803780344451016e+00,1.0888269678261731e-09,1.0000000000000000e+00,
2.7181918521927271e-16,1.6211129062202496e-10,9.9720962769392807e-01,4.0438367988851271e-13,1.5453296535560703e-08,3.1766442897066148e-08,1.0132770057812543e+05,1.0000000000000000e+00,2.2429112624853437e+02,2.1803780344451016e+00,2.4272879705919963e+00,2.1803780344451016e+00,1.0888272603880569e-09,1.0000000000000000e+00,
2.9046005321312758e-16,1.5790910249868888e-10,9.9720962769392807e-01,4.0297891779935374e-13,1.5353744620615529e-08,3.1766441620495964e-08,1.0132770057812543e+05,1.0000000000000000e+00,2.2429112624856805e+02,2.1803780344451016e+00,2.4272879705919963e+00,2.1803780344451016e+00,1.0888275793830195e-09,1.0000000000000000e+00,
2.7922535031184471e-16,1.5790907580092506e-10,9.9720962769392807e-01,4.0061354403563386e-13,1.5353744898181701e-08,3.1766442733216247e-08,1.0132770057812543e+05,1.0000000000000000e+00,2.2429112624844103e+02,2.1803780344451016e+00,2.4272879705919963e+00,2.1803780344451016e+00,1.0888266909340536e-09,1.0000000000000000e+00,

