1
1
14
0
(2 0
((0,0,0) (15,31,15) (0,0,0))
((16,0,0) (31,31,15) (0,0,0))
)
2
FabOnDisk: Cell_D_00000 0
FabOnDisk: Cell_D_00001 0

2,14
-1.3559964491916757e-15,-9.5964543149820235e-10,1.1050072368096735e-01,-1.9846018260117959e-13,-9.9093203974546764e-08,-1.8790575815691993e-07,1.0132699999999297e+05,1.0000000000000000e+00,2.1215405368872977e+00,6.6885943921080968e-05,2.5879683832581457e-01,6.6885947094486245e-05,-3.7123302183566484e-09,1.0000000000000000e+00,
-1.3547875026681510e-15,-9.5964544000025564e-10,1.1050072368096736e-01,-2.0069649949021899e-13,-9.9093200602337553e-08,-1.8790575861735632e-07,1.0132699999999297e+05,1.0000000000000000e+00,2.1215405368872977e+00,6.6885943921707447e-05,2.5879683832819278e-01,6.6885947094489877e-05,-3.7123302927299921e-09,1.0000000000000000e+00,

2,14
9.2128539499667975e-16,9.5964541821023113e-10,9.0423878325441520e-01,1.9754704186244353e-13,9.9093183813254201e-08,1.2826872532122989e-07,1.0133450000000674e+05,1.0000000000000000e+00,3.8692260758767729e+03,3.5665228716115478e+00,7.5665228480036646e+00,3.5665228716115478e+00,3.7217577865707280e-09,1.0000000000000000e+00,
9.2067847292939679e-16,9.5964542962743144e-10,9.0423878325441520e-01,1.9854886268581387e-13,9.9093184898551442e-08,1.2826872345017509e-07,1.0133450000000674e+05,1.0000000000000000e+00,3.8692260758773168e+03,3.5665228716115478e+00,7.5665228480036664e+00,3.5665228716115478e+00,3.7217579003938111e-09,1.0000000000000000e+00,

