1
1
14
0
(4 0
((0,0,0) (31,31,31) (0,0,0))
((32,0,0) (63,31,31) (0,0,0))
((0,32,0) (31,63,31) (0,0,0))
((32,32,0) (63,63,31) (0,0,0))
)
4
FabOnDisk: Cell_D_00000 0
FabOnDisk: Cell_D_00000 3670106
FabOnDisk: Cell_D_00001 0
FabOnDisk: Cell_D_00001 3670107

4,14
-3.4608633605147225e-16,-1.5194983864506690e-10,4.3496673941450070e-02,-1.6521940184400292e-13,-2.0744955529415309e-08,-5.9223768659672654e-08,1.0132551019999933e+05,1.0000000000000000e+00,1.4414193065997092e+00,5.5060066865867333e-05,6.5600963649377508e-02,5.5060070119601624e-05,-1.0332885140221279e-09,1.0000000000000000e+00,
-3.5288689115086707e-16,-1.5194985229330255e-10,4.3496673941450070e-02,-1.6289463382813251e-13,-2.0744958460494810e-08,-5.9223776906966004e-08,1.0132551019999933e+05,1.0000000000000000e+00,1.4414193065997092e+00,5.5060066866331399e-05,6.5600963649877289e-02,5.5060070118213053e-05,-1.0332885490866630e-09,1.0000000000000000e+00,
-2.7450831705265390e-16,-1.5466790808555020e-10,4.3496673941450077e-02,-2.2341945131430755e-13,-2.0814654553221140e-08,-5.9223759060137613e-08,1.0132551019999933e+05,1.0000000000000000e+00,1.4414193065997092e+00,5.5060066865618814e-05,6.5600963649052130e-02,5.5060070118488989e-05,-1.0332876136339417e-09,1.0000000000000000e+00,
-2.8238137419102804e-16,-1.5466792291842657e-10,4.3496673941450070e-02,-2.2601110297081596e-13,-2.0814655345234444e-08,-5.9223771124866260e-08,1.0132551019999933e+05,1.0000000000000000e+00,1.4414193065997092e+00,5.5060066867194763e-05,6.5600963650878252e-02,5.5060070119415602e-05,-1.0332880227937232e-09,1.0000000000000000e+00,

4,14
2.8601917150824694e-16,1.5466795293228839e-10,9.8890956422120857e-01,2.2661696714677793e-13,2.0814681381483555e-08,3.3764097136749570e-08,1.0132946425000080e+05,1.0000000000000000e+00,1.1914435912010197e+03,2.7739836066434274e+00,3.9984735268174201e+00,2.7739836066434274e+00,1.0259765615536528e-09,1.0000000000000000e+00,
2.7599637464126556e-16,1.5466793009456699e-10,9.8890956422120857e-01,2.2566166158603797e-13,2.0814685153135679e-08,3.3764098323723302e-08,1.0132946425000080e+05,1.0000000000000000e+00,1.1914435912009326e+03,2.7739836066434269e+00,3.9984735268174210e+00,2.7739836066434269e+00,1.0259766999813638e-09,1.0000000000000000e+00,
3.3867667774121948e-16,1.5194987028716766e-10,9.8890956422120857e-01,1.6158361047662925e-13,2.0744978269023574e-08,3.3764098060123003e-08,1.0132946425000080e+05,1.0000000000000000e+00,1.1914435912017848e+03,2.7739836066434274e+00,3.9984735268174201e+00,2.7739836066434274e+00,1.0259771842950926e-09,1.0000000000000000e+00,
3.5598938404245599e-16,1.5194986286606168e-10,9.8890956422120857e-01,1.6340158569135384e-13,2.0744979842616238e-08,3.3764097691627897e-08,1.0132946425000080e+05,1.0000000000000000e+00,1.1914435912020540e+03,2.7739836066434269e+00,3.9984735268174210e+00,2.7739836066434269e+00,1.0259776354379753e-09,1.0000000000000000e+00,

