1
1
14
0
(2 0
((0,0,0) (15,31,15) (0,0,0))
((16,0,0) (31,31,15) (0,0,0))
)
2
FabOnDisk: Cell_D_00000 0
FabOnDisk: Cell_D_00001 0

2,14
-2.0349719895967931e-15,-1.5213014400626841e-09,8.4631205574578594e-02,-2.6754540502005673e-13,-6.1319441466047089e-08,-1.5632274943344323e-07,1.0132602039999569e+05,1.0000000000000000e+00,1.4553626922022314e+00,1.1778603306514647e-04,1.3607078295210615e-01,1.1778610328217234e-04,-5.8426769224301730e-09,1.0000000000000000e+00,
-2.0375785132500787e-15,-1.5213014232774737e-09,8.4631205574578608e-02,-2.6757833480396414e-13,-6.1319443349589794e-08,-1.5632274878265140e-07,1.0132602039999569e+05,1.0000000000000000e+00,1.4553626922022314e+00,1.1778603306496219e-04,1.3607078295193084e-01,1.1778610328147852e-04,-5.8426773312756223e-09,1.0000000000000000e+00,

2,14
2.0363901348562659e-15,1.5213014408344192e-09,9.6974568646451997e-01,2.6772060086132639e-13,6.1319442366629685e-08,9.3964499055439078e-08,1.0132984690000364e+05,1.0000000000000000e+00,1.1552370708637150e+03,2.6890427608568310e+00,3.9135325119680231e+00,2.6890427608568310e+00,5.7848958006277631e-09,1.0000000000000000e+00,
2.0380084144888150e-15,1.5213014385899111e-09,9.6974568646451997e-01,2.6759289856769086e-13,6.1319442662857475e-08,9.3964498919042845e-08,1.0132984690000364e+05,1.0000000000000000e+00,1.1552370708639637e+03,2.6890427608568310e+00,3.9135325119680227e+00,2.6890427608568310e+00,5.7848957576860233e-09,1.0000000000000000e+00,

