1
1
14
0
(2 0
((0,0,0) (15,31,15) (0,0,0))
((16,0,0) (31,31,15) (0,0,0))
)
2
FabOnDisk: Cell_D_00000 0
FabOnDisk: Cell_D_00001 0

2,14
-1.8254873273326162e-16,-4.9624969177532551e-10,6.7681463612419140e-02,-3.4766199234124958e-14,-1.4154224192863427e-08,-4.1974530559217994e-08,1.0132561749999817e+05,1.0000000000000000e+00,1.1170353882446431e+00,8.2747794827384429e-04,1.4117812553855255e-01,8.2747799741817558e-04,-1.7857687883488264e-09,1.0000000000000000e+00,
-1.8235553430737792e-16,-4.9624969969058195e-10,6.7681463612419140e-02,-3.5146974471555764e-14,-1.4154223760881152e-08,-4.1974529732524008e-08,1.0132561749999817e+05,1.0000000000000000e+00,1.1170353882446431e+00,8.2747794827286265e-04,1.4117812553853795e-01,8.2747799741747529e-04,-1.7857687099312122e-09,1.0000000000000000e+00,

2,14
2.0947726284932704e-16,4.9624970950875581e-10,9.9041359180983257e-01,3.3920170356748476e-14,1.4154224655190759e-08,3.6227566502786197e-08,1.0132793312500152e+05,1.0000000000000000e+00,1.7061256675233275e+02,2.1361057631864733e+00,2.3861057305129991e+00,2.1361057631864733e+00,1.7922117409171312e-09,1.0000000000000000e+00,
2.1246686915484480e-16,4.9624971178388134e-10,9.9041359180983257e-01,3.4577339193007804e-14,1.4154224360475263e-08,3.6227564798523488e-08,1.0132793312500152e+05,1.0000000000000000e+00,1.7061256675234051e+02,2.1361057631864733e+00,2.3861057305129991e+00,2.1361057631864733e+00,1.7922116738680133e-09,1.0000000000000000e+00,

