1
1
14
0
(16 0
((0,0,0) (15,15,31) (0,0,0))
((32,0,0) (47,15,31) (0,0,0))
((0,32,0) (15,47,31) (0,0,0))
((32,32,0) (47,47,31) (0,0,0))
((16,0,0) (31,15,31) (0,0,0))
((48,0,0) (63,15,31) (0,0,0))
((16,32,0) (31,47,31) (0,0,0))
((48,32,0) (63,47,31) (0,0,0))
((0,16,0) (15,31,31) (0,0,0))
((32,16,0) (47,31,31) (0,0,0))
((0,48,0) (15,63,31) (0,0,0))
((32,48,0) (47,63,31) (0,0,0))
((16,16,0) (31,31,31) (0,0,0))
((48,16,0) (63,31,31) (0,0,0))
((16,48,0) (31,63,31) (0,0,0))
((48,48,0) (63,63,31) (0,0,0))
)
16
FabOnDisk: Cell_D_00000 0
FabOnDisk: Cell_D_00004 0
FabOnDisk: Cell_D_00008 0
FabOnDisk: Cell_D_00012 0
FabOnDisk: Cell_D_00001 0
FabOnDisk: Cell_D_00005 0
FabOnDisk: Cell_D_00009 0
FabOnDisk: Cell_D_00013 0
FabOnDisk: Cell_D_00002 0
FabOnDisk: Cell_D_00006 0
FabOnDisk: Cell_D_00010 0
FabOnDisk: Cell_D_00014 0
FabOnDisk: Cell_D_00003 0
FabOnDisk: Cell_D_00007 0
FabOnDisk: Cell_D_00011 0
FabOnDisk: Cell_D_00015 0

16,14
-2.6476121464128312e-16,-3.1405859151093090e-13,8.8628090454595021e-02,-3.1762773255405734e-13,-1.9511884407863135e-10,-1.9994341007394310e-10,1.0133125000000000e+05,1.0000000000000000e+00,7.4167471947585017e+00,1.0375117463153139e-03,2.5827259405713374e+01,1.0375117463171841e-03,-2.8406288927944248e-12,1.0000000000000000e+00,
-2.6181982806718238e-16,-3.1406163338638024e-13,8.8628090454595021e-02,-3.2413386986834068e-13,-1.9511976839351243e-10,-1.9992345607033620e-10,1.0133125000000000e+05,1.0000000000000000e+00,7.4167471947585017e+00,1.0375117463152937e-03,2.5827259405708155e+01,1.0375117463176369e-03,-2.8404056353160347e-12,1.0000000000000000e+00,
-6.0032864065290387e-17,-1.2974563178810646e-16,5.8112633719734019e-01,-4.0776925736256172e-14,-2.1184018425389964e-11,-2.1893879309844882e-11,1.0133125000000000e+05,1.0000000000000000e+00,2.6014730468148377e+04,1.9925723883284390e-05,7.8914113863394286e-01,1.9925723882779433e-05,-4.0508636214373549e-15,1.0000000000000000e+00,
-5.1439418113824846e-17,-1.3499926160151480e-16,5.8112633719734019e-01,-2.6392663145595257e-14,-2.1186376125621453e-11,-2.1913165826152059e-11,1.0133125000000000e+05,1.0000000000000000e+00,2.6014730468166945e+04,1.9925723883223756e-05,7.8914113863176594e-01,1.9925723882779541e-05,-2.5512666404842225e-15,1.0000000000000000e+00,
-2.6378031120273832e-16,-3.1406213872736356e-13,8.8628090454595007e-02,-3.2828229059077772e-13,-1.9511605064483788e-10,-1.9992089273896096e-10,1.0133125000000000e+05,1.0000000000000000e+00,7.4167471947585017e+00,1.0375117463155006e-03,2.5827259405721957e+01,1.0375117463172004e-03,-2.8407692693352242e-12,1.0000000000000000e+00,
-2.6544430348192953e-16,-3.1405682383878712e-13,8.8628090454595021e-02,-3.2354616543263313e-13,-1.9512289212141252e-10,-1.9995800043979542e-10,1.0133125000000000e+05,1.0000000000000000e+00,7.4167471947585017e+00,1.0375117463146172e-03,2.5827259405699625e+01,1.0375117463173203e-03,-2.8405741030002679e-12,1.0000000000000000e+00,
-5.1124453755374120e-17,-1.3301225959279528e-16,5.8112633719734019e-01,-2.8823306283245110e-14,-2.1183387501702194e-11,-2.1889419618988088e-11,1.0133125000000000e+05,1.0000000000000000e+00,2.6014730468171416e+04,1.9925723883821486e-05,7.8914113865464419e-01,1.9925723882815252e-05,-2.6149556322729577e-15,1.0000000000000000e+00,
-6.1166203188977479e-17,-1.3705630145386096e-16,5.8112633719734019e-01,-4.7932387732127503e-14,-2.1190333349044639e-11,-2.1907911919855196e-11,1.0133125000000000e+05,1.0000000000000000e+00,2.6014730468164293e+04,1.9925723882992963e-05,7.8914113862174529e-01,1.9925723882892091e-05,-2.7424259103690238e-15,1.0000000000000000e+00,
-6.2079089061041994e-17,-1.0155595986329194e-16,5.8112633719734019e-01,-3.8624181922424613e-14,-2.1211134539649587e-11,-2.1967775544072966e-11,1.0133125000000000e+05,1.0000000000000000e+00,2.6014730468165933e+04,1.9925723883018791e-05,7.8914113862301438e-01,1.9925723883044534e-05,-3.4368365898868125e-15,1.0000000000000000e+00,
-6.3567555673231892e-17,-1.3149210576054130e-16,5.8112633719734019e-01,-3.8574150565500611e-14,-2.1197943549685366e-11,-2.1960957442343667e-11,1.0133125000000000e+05,1.0000000000000000e+00,2.6014730468163973e+04,1.9925723884183308e-05,7.8914113866978874e-01,1.9925723884137257e-05,-2.9811286714758592e-15,1.0000000000000000e+00,
-2.6956440990537350e-16,-3.1432035272350657e-13,8.8628090454595007e-02,-3.1150970416626720e-13,-1.9503838084770224e-10,-1.9997645679881068e-10,1.0133125000000000e+05,1.0000000000000000e+00,7.4167471947585026e+00,1.0375117463161233e-03,2.5827259405731581e+01,1.0375117463168805e-03,-2.8405302693996762e-12,1.0000000000000000e+00,
-2.7420056355906100e-16,-3.1432132274665674e-13,8.8628090454595021e-02,-3.1724324509890628e-13,-1.9505377216568393e-10,-1.9999746421789919e-10,1.0133125000000000e+05,1.0000000000000000e+00,7.4167471947585044e+00,1.0375117463147262e-03,2.5827259405701032e+01,1.0375117463176362e-03,-2.8402934189471985e-12,1.0000000000000000e+00,
-5.3969256727505496e-17,-1.1164829050693825e-16,5.8112633719734019e-01,-3.4154094756960272e-14,-2.1210430149129471e-11,-2.1949581945379814e-11,1.0133125000000000e+05,1.0000000000000000e+00,2.6014730468169295e+04,1.9925723883231928e-05,7.8914113863138369e-01,1.9925723883393982e-05,-3.1251659813863723e-15,1.0000000000000000e+00,
-6.4687647902870834e-17,-1.2355070244556828e-16,5.8112633719734019e-01,-3.7321955304154315e-14,-2.1193722572793393e-11,-2.1965691273848643e-11,1.0133125000000000e+05,1.0000000000000000e+00,2.6014730468170357e+04,1.9925723883093746e-05,7.8914113862702351e-01,1.9925723883003134e-05,-3.4835261812825998e-15,1.0000000000000000e+00,
-2.7750338537115546e-16,-3.1433225628216642e-13,8.8628090454595007e-02,-3.2247576479886986e-13,-1.9503905284675114e-10,-1.9996363928185444e-10,1.0133125000000000e+05,1.0000000000000000e+00,7.4167471947585026e+00,1.0375117463147184e-03,2.5827259405698083e+01,1.0375117463172960e-03,-2.8402724027384078e-12,1.0000000000000000e+00,
-2.6616253380066894e-16,-3.1433674097684801e-13,8.8628090454595007e-02,-3.1249648744972023e-13,-1.9505985554256371e-10,-2.0000453803109129e-10,1.0133125000000000e+05,1.0000000000000000e+00,7.4167471947585026e+00,1.0375117463145755e-03,2.5827259405680579e+01,1.0375117463171557e-03,-2.8404183252069086e-12,1.0000000000000000e+00,

16,14
2.6432842645076479e-16,3.1432292114278763e-13,5.8109564469150043e-01,3.1558411670222302e-13,1.9504322904705549e-10,2.5087223657268015e-10,1.0137968750000000e+05,1.0000000000000000e+00,2.4893462168102549e+04,6.2336880019257137e+00,4.6233688001282289e+01,6.2336880019257137e+00,2.8420472184013379e-12,1.0000000000000000e+00,
2.6500108033084237e-16,3.1430890473341552e-13,5.8109564469150043e-01,3.1138658249020445e-13,1.9504158264352941e-10,2.5088322700601293e-10,1.0137968750000000e+05,1.0000000000000000e+00,2.4893462168120608e+04,6.2336880019257137e+00,4.6233688001282289e+01,6.2336880019257137e+00,2.8419007089963512e-12,1.0000000000000000e+00,
6.8284406486492677e-17,1.3695357316003571e-16,5.8131703900376919e-01,3.5874098764218288e-14,2.1157961501983370e-11,2.6284802339526630e-11,1.0137968750000000e+05,1.0000000000000000e+00,3.9604139014420616e+04,9.3241110435752204e-04,2.4256423565516382e+01,9.3241110435728579e-04,3.4212108209673293e-15,1.0000000000000000e+00,
6.5004323134720511e-17,1.3255382947012948e-16,5.8131703900376919e-01,4.8876541376288419e-14,2.1148896887249676e-11,2.6296344113446669e-11,1.0137968750000000e+05,1.0000000000000000e+00,3.9604139014378365e+04,9.3241110435805243e-04,2.4256423565500068e+01,9.3241110435858066e-04,3.7504302989609073e-15,1.0000000000000000e+00,
2.7219598792685421e-16,3.1432141515267970e-13,5.8109564469150043e-01,3.1252727302299726e-13,1.9504150811796024e-10,2.5087740083260595e-10,1.0137968750000000e+05,1.0000000000000000e+00,2.4893462168103233e+04,6.2336880019257137e+00,4.6233688001282282e+01,6.2336880019257137e+00,2.8419253846722305e-12,1.0000000000000000e+00,
2.6676950145344381e-16,3.1431025764019081e-13,5.8109564469150043e-01,3.1708568198492367e-13,1.9504697305435263e-10,2.5087346613417103e-10,1.0137968750000000e+05,1.0000000000000000e+00,2.4893462168113936e+04,6.2336880019257137e+00,4.6233688001282289e+01,6.2336880019257137e+00,2.8420043713576664e-12,1.0000000000000000e+00,
5.6833802282557366e-17,1.3210573214280464e-16,5.8131703900376919e-01,4.2001894587696980e-14,2.1150774359153557e-11,2.6293491528247920e-11,1.0137968750000000e+05,1.0000000000000000e+00,3.9604139014383982e+04,9.3241110435767242e-04,2.4256423565515981e+01,9.3241110435716566e-04,3.3080168214288198e-15,1.0000000000000000e+00,
7.4312321685339492e-17,1.4803798972070488e-16,5.8131703900376919e-01,3.0060087975040804e-14,2.1152176738198605e-11,2.6288958964387268e-11,1.0137968750000000e+05,1.0000000000000000e+00,3.9604139014403539e+04,9.3241110435758753e-04,2.4256423565507085e+01,9.3241110435736418e-04,3.1606643256727879e-15,1.0000000000000000e+00,
5.5360446459837760e-17,1.1344226660388370e-16,5.8131703900376919e-01,3.6800208672046956e-14,2.1107927741447786e-11,2.6356620163958917e-11,1.0137968750000000e+05,1.0000000000000000e+00,3.9604139014390894e+04,9.3241110435756107e-04,2.4256423565506445e+01,9.3241110435704890e-04,2.9168896325109269e-15,1.0000000000000000e+00,
6.4970631304343687e-17,1.0665613000281460e-16,5.8131703900376919e-01,5.1612818729562652e-14,2.1120022635721983e-11,2.6366875836524458e-11,1.0137968750000000e+05,1.0000000000000000e+00,3.9604139014376815e+04,9.3241110435710148e-04,2.4256423565494540e+01,9.3241110435709422e-04,3.1053803539897866e-15,1.0000000000000000e+00,
2.7046310327055479e-16,3.1404104997064089e-13,5.8109564469150043e-01,3.2339955822419130e-13,1.9509185609857672e-10,2.5077916343321522e-10,1.0137968750000000e+05,1.0000000000000000e+00,2.4893462168118906e+04,6.2336880019257110e+00,4.6233688001282289e+01,6.2336880019257110e+00,2.8416891568049832e-12,1.0000000000000000e+00,
2.6944985111791175e-16,3.1405681950877106e-13,5.8109564469150043e-01,3.2460313773736231e-13,1.9508826642004078e-10,2.5079737879037369e-10,1.0137968750000000e+05,1.0000000000000000e+00,2.4893462168117123e+04,6.2336880019257137e+00,4.6233688001282289e+01,6.2336880019257137e+00,2.8419651735825653e-12,1.0000000000000000e+00,
5.4838751678426115e-17,1.0594783823071404e-16,5.8131703900376919e-01,4.6893760865892353e-14,2.1123708839976775e-11,2.6361494012389301e-11,1.0137968750000000e+05,1.0000000000000000e+00,3.9604139014378481e+04,9.3241110435826461e-04,2.4256423565519132e+01,9.3241110435826765e-04,2.6225842504043608e-15,1.0000000000000000e+00,
6.7319632215107476e-17,1.0960094576238109e-16,5.8131703900376930e-01,3.3163217414382274e-14,2.1115460710917680e-11,2.6389122100709665e-11,1.0137968750000000e+05,1.0000000000000000e+00,3.9604139014386201e+04,9.3241110435867986e-04,2.4256423565509003e+01,9.3241110435819978e-04,2.6609809030099764e-15,1.0000000000000000e+00,
2.7742800132966817e-16,3.1404035795724206e-13,5.8109564469150032e-01,3.2695652313515167e-13,1.9508196345913892e-10,2.5079698071713932e-10,1.0137968750000000e+05,1.0000000000000000e+00,2.4893462168109425e+04,6.2336880019257128e+00,4.6233688001282296e+01,6.2336880019257128e+00,2.8419780553468616e-12,1.0000000000000000e+00,
2.6786798475316598e-16,3.1404456310464202e-13,5.8109564469150032e-01,3.2307672625431277e-13,1.9507485059800017e-10,2.5078806777864762e-10,1.0137968750000000e+05,1.0000000000000000e+00,2.4893462168114769e+04,6.2336880019257128e+00,4.6233688001282296e+01,6.2336880019257128e+00,2.8420862776116551e-12,1.0000000000000000e+00,

