1
1
14
0
(4 0
((0,0,0) (31,31,31) (0,0,0))
((32,0,0) (63,31,31) (0,0,0))
((0,32,0) (31,63,31) (0,0,0))
((32,32,0) (63,63,31) (0,0,0))
)
4
FabOnDisk: Cell_D_00000 0
FabOnDisk: Cell_D_00000 3670106
FabOnDisk: Cell_D_00001 0
FabOnDisk: Cell_D_00001 3670107

4,14
-5.6783342070046882e-16,-3.0586584046328415e-11,5.9100607682929088e-02,-3.9286269157613436e-13,-6.4878031784038032e-09,-1.8114356898714120e-08,1.0132599999999980e+05,1.0000000000000000e+00,2.0545709884763168e+00,3.2281012193048415e-05,1.2706319277234926e-01,3.2281012269540437e-05,-1.9996284012124435e-10,1.0000000000000000e+00,
-5.7130597947232950e-16,-3.0586608271968566e-11,5.9100607682929095e-02,-3.9243609044216593e-13,-6.4877950821249545e-09,-1.8114349172376828e-08,1.0132599999999980e+05,1.0000000000000000e+00,2.0545709884763168e+00,3.2281012194081341e-05,1.2706319277645675e-01,3.2281012270973251e-05,-1.9996370938513448e-10,1.0000000000000000e+00,
-3.9206326744846402e-16,-3.0964955895262908e-11,5.9100607682929088e-02,-5.9637300869312210e-13,-6.4961463373286760e-09,-1.8114342845443410e-08,1.0132599999999980e+05,1.0000000000000000e+00,2.0545709884763168e+00,3.2281012194875919e-05,1.2706319277957567e-01,3.2281012270127559e-05,-1.9996339703349830e-10,1.0000000000000000e+00,
-3.9333216345418429e-16,-3.0964952005839266e-11,5.9100607682929095e-02,-5.9260077275709913e-13,-6.4961480072752238e-09,-1.8114345235356121e-08,1.0132599999999980e+05,1.0000000000000000e+00,2.0545709884763164e+00,3.2281012193230168e-05,1.2706319277304534e-01,3.2281012269000402e-05,-1.9996319907134042e-10,1.0000000000000000e+00,

4,14
3.9330880016282177e-16,3.0964926058693333e-11,9.6478679037113202e-01,5.9830684295796578e-13,6.4961050059354968e-09,1.0782382313481270e-08,1.0133375000000019e+05,1.0000000000000000e+00,3.9361588795608022e+03,3.7930115927666930e+00,7.7930115774588344e+00,3.7930115927666930e+00,1.9889381055014714e-10,1.0000000000000000e+00,
3.9254438970876760e-16,3.0964925922100372e-11,9.6478679037113202e-01,5.9712854102608704e-13,6.4961027931735485e-09,1.0782383808309011e-08,1.0133375000000019e+05,1.0000000000000000e+00,3.9361588795626958e+03,3.7930115927666930e+00,7.7930115774588353e+00,3.7930115927666930e+00,1.9889397252220260e-10,1.0000000000000000e+00,
5.5605354101157388e-16,3.0586589838721724e-11,9.6478679037113202e-01,3.9312013492352619e-13,6.4877501390485742e-09,1.0782385237844872e-08,1.0133375000000019e+05,1.0000000000000000e+00,3.9361588795609086e+03,3.7930115927666930e+00,7.7930115774588344e+00,3.7930115927666930e+00,1.9889358314700419e-10,1.0000000000000000e+00,
5.6110753665244864e-16,3.0586607336250891e-11,9.6478679037113202e-01,3.9418286607962918e-13,6.4877539780160168e-09,1.0782385674864576e-08,1.0133375000000019e+05,1.0000000000000000e+00,3.9361588795603325e+03,3.7930115927666930e+00,7.7930115774588344e+00,3.7930115927666930e+00,1.9889389515729184e-10,1.0000000000000000e+00,

