39
0
3
3
0
0 0.0625 0.206127852323069 7 0 0 0 0 0.000705423252077099 5.38555926834644e-16 -0.812059937827692 
0.0128205128205128 0.0625 0.206136946359533 8 0 1 0 1 0.00465594138014895 3.52890264019323e-16 -0.814984297070893 
0.0256410256410256 0.0625 0.205828475548307 9 0 2 0 2 0.00928480507125425 2.23594042306787e-16 -0.822702031123638 
0.0384615384615385 0.0625 0.205377414462509 10 0 3 0 3 0.0136784228085072 4.25234561969857e-16 -0.8357968789168 
0.0512820512820513 0.0625 0.204827918065726 11 0 4 0 4 0.0179185569550911 8.99971669662393e-17 -0.854175576382282 
0.0641025641025641 0.0625 0.204102750766211 12 0 5 0 5 0.0218692310134157 8.71951885813357e-17 -0.878166563679456 
0.0769230769230769 0.0625 0.203171471964232 13 0 6 0 6 0.0253644699433065 1.41652063517752e-16 -0.908517957248306 
0.0897435897435897 0.0625 0.202174871492107 14 0 7 0 7 0.0287579601026889 7.84056095637001e-16 -0.940237357854246 
0.102564102564103 0.0625 0.188593576679577 15 0 8 0 8 0.0432377537257505 -1.53876799726094e-16 -0.931135712075161 
0.115384615384615 0.0625 0.0913650485706802 16 0 9 0 9 0.467563401218215 -4.18504687908696e-16 -0.747338647328368 
0.128205128205128 0.0625 0.057320388084581 17 0 10 0 10 0.891666100937825 9.47330856950265e-16 -0.631859430856748 
0.141025641025641 0.0625 0.0380092183906889 18 0 11 0 11 1.15901098678002 -4.42368439629398e-16 -0.351466689093539 
0.153846153846154 0.0625 0.0263506802747967 19 0 12 0 12 1.35287704469003 1.65053695727733e-16 -0.166517283011928 
0.166666666666667 0.0625 0.017963096253226 20 0 13 0 13 1.435216923374 1.71438675387432e-15 -0.0382887222827378 
0.179487179487179 0.0625 0.0100505396737351 21 0 14 0 14 1.4619673818633 -8.08024246082032e-18 0.00297063868298904 
0.192307692307692 0.0625 0 22 0 15 0 15 1.55376298296399 -6.04119735953589e-15 0.0105546002690585 
0.205128205128205 0.0625 0 23 0 16 0 16 1.12225381381545 -5.85171424983396e-15 0.072111393745018 
0.217948717948718 0.0625 0 24 0 17 0 17 0.728983810173854 -1.81866413717983e-15 0.0339873324918871 
0.230769230769231 0.0625 0 25 0 18 0 18 0.554697241989989 -2.80743475588339e-16 0.0187932548219116 
0.243589743589744 0.0625 0 26 0 19 0 19 0.45166489609174 -3.17146038837931e-16 0.0130434717330121 
0.256410256410256 0.0625 0 27 0 20 0 20 0.377110208210549 -6.17016699599787e-16 0.00970336499007014 
0.487179487179487 0.0625 0 45 0 38 0 38 0.00858240823572058 -5.48431801064656e-16 0.00131173651782104 
0.474358974358974 0.0625 0 44 0 37 0 37 0.0172675742102036 -3.19686934775666e-16 0.0013352431415277 
0.461538461538462 0.0625 0 43 0 36 0 36 0.0261638217159426 -4.71631454358191e-16 0.00137505927197863 
0.448717948717949 0.0625 0 42 0 35 0 35 0.0353581480882512 -9.87592722966489e-17 0.00143122628161386 
0.435897435897436 0.0625 0 41 0 34 0 34 0.0450113216012463 -5.93461332607494e-16 0.00150718741409031 
0.423076923076923 0.0625 0 40 0 33 0 33 0.055219330790289 -5.4881937958696e-16 0.00160342841052302 
0.41025641025641 0.0625 0 39 0 32 0 32 0.0660969517874586 -5.39627013856007e-16 0.00172189004580781 
0.397435897435897 0.0625 0 38 0 31 0 31 0.0779173197541013 -2.96620873819439e-16 0.00186944492724049 
0.384615384615385 0.0625 0 37 0 30 0 30 0.0907590490888968 -2.86148271345707e-16 0.00204727247058115 
0.371794871794872 0.0625 0 36 0 29 0 29 0.104862765437741 -3.91023010062612e-16 0.00226196733438888 
0.358974358974359 0.0625 0 35 0 28 0 28 0.120617731842615 -4.61847539324396e-16 0.00252509177482634 
0.346153846153846 0.0625 0 34 0 27 0 27 0.138189735408532 -5.84847667067582e-16 0.00284268084172149 
0.333333333333333 0.0625 0 33 0 26 0 26 0.158104128121281 -4.28449887410252e-16 0.00323301850960679 
0.32051282051282 0.0625 0 32 0 25 0 25 0.180974164497548 -2.1500522468654e-16 0.00372050170564591 
0.307692307692308 0.0625 0 31 0 24 0 24 0.207258093342885 -5.3759169029533e-16 0.00432802602084875 
0.294871794871795 0.0625 0 30 0 23 0 23 0.23829302327714 -3.19672745906364e-16 0.00511756577572838 
0.282051282051282 0.0625 0 29 0 22 0 22 0.275355444005567 -5.91525401687628e-16 0.00616578702763971 
0.269230769230769 0.0625 0 28 0 21 0 21 0.320059696558051 -2.07299969976784e-16 0.00758371617526392 
