39
0
3
3
0
0.243589743589744 0.0625 0 21 0 19 0 19 0 0 0 
0.230769230769231 0.0625 0 20 0 18 0 18 0 0 0 
0.217948717948718 0.0625 0 19 0 17 0 17 0 0 0 
0.205128205128205 0.0625 0 18 0 16 0 16 0 0 0 
0.192307692307692 0.0625 0 17 0 15 0 15 0 0 0 
0.179487179487179 0.0625 0 16 0 14 0 14 0 0 0 
0.166666666666667 0.0625 0 15 0 13 0 13 0 0 0 
0.153846153846154 0.0625 0 14 0 12 0 12 0 0 0 
0.102564102564103 0.0625 0 10 0 8 0 8 0 0 0 
0.115384615384615 0.0625 0 11 0 9 0 9 0 0 0 
0.128205128205128 0.0625 0 12 0 10 0 10 0 0 0 
0.141025641025641 0.0625 0 13 0 11 0 11 0 0 0 
0.487179487179487 0.0625 0 40 0 38 0 38 0 0 0 
0.474358974358974 0.0625 0 39 0 37 0 37 0 0 0 
0.461538461538462 0.0625 0 38 0 36 0 36 0 0 0 
0.448717948717949 0.0625 0 37 0 35 0 35 0 0 0 
0.435897435897436 0.0625 0 36 0 34 0 34 0 0 0 
0.423076923076923 0.0625 0 35 0 33 0 33 0 0 0 
0.41025641025641 0.0625 0 34 0 32 0 32 0 0 0 
0.397435897435897 0.0625 0 33 0 31 0 31 0 0 0 
0.384615384615385 0.0625 0 32 0 30 0 30 0 0 0 
0.371794871794872 0.0625 0 31 0 29 0 29 0 0 0 
0.358974358974359 0.0625 0 30 0 28 0 28 0 0 0 
0.346153846153846 0.0625 0 29 0 27 0 27 0 0 0 
0.333333333333333 0.0625 0 28 0 26 0 26 0 0 0 
0.32051282051282 0.0625 0 27 0 25 0 25 0 0 0 
0.307692307692308 0.0625 0 26 0 24 0 24 0 0 0 
0.294871794871795 0.0625 0 25 0 23 0 23 0 0 0 
0.282051282051282 0.0625 0 24 0 22 0 22 0 0 0 
0.269230769230769 0.0625 0 23 0 21 0 21 0 0 0 
0.256410256410256 0.0625 0 22 0 20 0 20 0 0 0 
0 0.0625 0.25 2 0 0 0 0 0 0 0 
0.0128205128205128 0.0625 0.25 3 0 1 0 1 0 0 0 
0.0256410256410256 0.0625 0.25 4 0 2 0 2 0 0 0 
0.0384615384615385 0.0625 0.25 5 0 3 0 3 0 0 0 
0.0512820512820513 0.0625 0.25 6 0 4 0 4 0 0 0 
0.0641025641025641 0.0625 0.25 7 0 5 0 5 0 0 0 
0.0769230769230769 0.0625 0.25 8 0 6 0 6 0 0 0 
0.0897435897435897 0.0625 0.25 9 0 7 0 7 0 0 0 
