39
0
3
3
0
0 0.0625 0.248146023142306 3 0 0 0 0 -0.000824982862294481 -1.77714697597474e-17 -0.183569936848291 
0.0128205128205128 0.0625 0.248143716288726 4 0 1 0 1 -0.00544892415132495 -9.76438088344942e-18 -0.183749132038259 
0.0256410256410256 0.0625 0.248137765625104 5 0 2 0 2 -0.0111317587127306 2.6504823440693e-17 -0.184251292518003 
0.0384615384615385 0.0625 0.248128619518897 6 0 3 0 3 -0.0173715353767602 7.08397763089949e-17 -0.185017777228266 
0.0512820512820513 0.0625 0.248117198415575 7 0 4 0 4 -0.0245408515053307 1.24537515735564e-16 -0.185855296025525 
0.0641025641025641 0.0625 0.248111326291214 8 0 5 0 5 -0.0337481667567857 1.6872242100777e-16 -0.186552070927632 
0.0769230769230769 0.0625 0.248081047318912 9 0 6 0 6 -0.0460488910903209 1.76723036385781e-16 -0.18702400121311 
0.0897435897435897 0.0625 0.248067987253288 10 0 7 0 7 -0.0655335355723822 1.94389993345665e-16 -0.190253565274303 
0.102564102564103 0.0625 0.0172606218695131 11 0 8 0 8 0.271806939431039 -1.63420189285528e-16 -0.13436316887812 
0.115384615384615 0.0625 0 12 0 9 0 9 0.425785667198334 -4.64554188626917e-15 0.0259731042802709 
0.128205128205128 0.0625 0 13 0 10 0 10 0.27281487328872 -2.73785743174318e-15 0.0146640026840073 
0.141025641025641 0.0625 0 14 0 11 0 11 0.200476554896445 -2.12603371955144e-15 0.00773245703954413 
0.153846153846154 0.0625 0 15 0 12 0 12 0.158864994347232 -1.64126618622124e-15 0.00487404732327648 
0.166666666666667 0.0625 0 16 0 13 0 13 0.131589963633876 -9.55211479709234e-16 0.00346063206017058 
0.179487179487179 0.0625 0 17 0 14 0 14 0.111800103248153 -6.78110553963795e-16 0.00261987049608907 
0.192307692307692 0.0625 0 18 0 15 0 15 0.0963400551955192 -3.70589362448261e-16 0.00207069835877445 
0.205128205128205 0.0625 0 19 0 16 0 16 0.0840357200912879 -1.81971498343936e-16 0.00169760159344303 
0.217948717948718 0.0625 0 20 0 17 0 17 0.0738269377742123 -2.00235407969188e-16 0.00142232609282195 
0.230769230769231 0.0625 0 21 0 18 0 18 0.0651469389514115 -1.36163178967453e-16 0.0012100600195992 
0.243589743589744 0.0625 0 22 0 19 0 19 0.0577879424167163 -2.54779826048916e-16 0.00104576838818629 
0.256410256410256 0.0625 0 23 0 20 0 20 0.051367220386788 -1.78531397490823e-16 0.000911939577570834 
0.487179487179487 0.0625 0 41 0 38 0 38 0.00151597802749691 5.21912825537426e-17 0.000231558812096172 
0.474358974358974 0.0625 0 40 0 37 0 37 0.00304645851976363 8.00207584458524e-17 0.000234872348902958 
0.461538461538462 0.0625 0 39 0 36 0 36 0.00460658629455285 -3.48784069779246e-17 0.000240451649175298 
0.448717948717949 0.0625 0 38 0 35 0 35 0.00620829253697927 3.10562053509246e-18 0.000248257258971552 
0.435897435897436 0.0625 0 37 0 34 0 34 0.00787332881507321 3.34814861485063e-17 0.000258680425185353 
0.423076923076923 0.0625 0 36 0 33 0 33 0.00961383238934648 2.91263585221817e-17 0.000271684237289672 
0.41025641025641 0.0625 0 35 0 32 0 32 0.0114439933166149 -1.44169209509573e-17 0.000287406373080268 
0.397435897435897 0.0625 0 34 0 31 0 31 0.013397605178217 4.86741670547857e-17 0.000306504583486179 
0.384615384615385 0.0625 0 33 0 30 0 30 0.0154814360059884 3.47336818331146e-17 0.000328911049936955 
0.371794871794872 0.0625 0 32 0 29 0 29 0.017721738008966 -5.41262896683281e-17 0.000355113249397388 
0.358974358974359 0.0625 0 31 0 28 0 28 0.0201591170483985 5.04184450154524e-17 0.000385928571805539 
0.346153846153846 0.0625 0 30 0 27 0 27 0.0228042313182727 -8.53060387822686e-17 0.000421514319358952 
0.333333333333333 0.0625 0 29 0 26 0 26 0.0257045756907152 -1.08427621636735e-16 0.000462922027800493 
0.32051282051282 0.0625 0 28 0 25 0 25 0.028906981644436 1.01959112631163e-16 0.000511251940496231 
0.307692307692308 0.0625 0 27 0 24 0 24 0.0324346266427147 5.42870831758057e-17 0.000567145735831793 
0.294871794871795 0.0625 0 26 0 23 0 23 0.0363772744502117 5.80130886084789e-17 0.000632938293051247 
0.282051282051282 0.0625 0 25 0 22 0 22 0.0407890067774682 -9.83883292003396e-17 0.000710366123175347 
0.269230769230769 0.0625 0 24 0 21 0 21 0.0457247719989874 -1.26878836655801e-16 0.00080139074434761 
