39
0
3
3
0
0 0.0625 0.171331509860176 9 0 0 0 0 0.00431873344169462 2.76618110571415e-15 -0.886599438002333 
0.0128205128205128 0.0625 0.171070364133004 10 0 1 0 1 0.0336060738785901 8.70131092699694e-16 -0.918986054855907 
0.0256410256410256 0.0625 0.170366797083525 11 0 2 0 2 0.0544028728063294 -5.28549597118408e-16 -0.912129353620124 
0.0384615384615385 0.0625 0.169310206309798 12 0 3 0 3 0.071168084571013 2.54181398058003e-15 -0.936881316667793 
0.0512820512820513 0.0625 0.167619950270026 13 0 4 0 4 0.0699699280031807 -2.18185727496268e-16 -0.968873864075767 
0.0641025641025641 0.0625 0.165561138601576 14 0 5 0 5 0.0903773986356055 -1.22954556439164e-15 -1.01910842743475 
0.0769230769230769 0.0625 0.162918197022397 15 0 6 0 6 0.113616407672489 -1.50997247708132e-15 -1.09262455760971 
0.0897435897435897 0.0625 0.159663370969117 16 0 7 0 7 0.133323664765135 -7.20517746744755e-16 -1.18132952101566 
0.102564102564103 0.0625 0.151972799518756 17 0 8 0 8 0.180433678273697 -1.28624209536607e-15 -1.24765312668747 
0.115384615384615 0.0625 0.117693750377606 18 0 9 0 9 0.453008217373298 1.55677441394293e-15 -1.09140675346501 
0.128205128205128 0.0625 0.0912452499181021 19 0 10 0 10 0.861745447949889 -1.52879149613928e-15 -0.987188285645324 
0.141025641025641 0.0625 0.0724141352360888 20 0 11 0 11 1.14670228175751 1.26983129447464e-16 -0.783213038149819 
0.153846153846154 0.0625 0.0587458811871999 21 0 12 0 12 1.3566871286087 -4.04246969626409e-15 -0.572459735467341 
0.166666666666667 0.0625 0.0484443441907174 22 0 13 0 13 1.51662048466682 8.98781160782978e-16 -0.377151215362974 
0.179487179487179 0.0625 0.040573321739949 23 0 14 0 14 1.62005409537447 -8.71871802595928e-16 -0.216510752645236 
0.192307692307692 0.0625 0.034424459138882 24 0 15 0 15 1.67643061378226 2.93485191977968e-16 -0.10146860101283 
0.205128205128205 0.0625 0.0290959330742074 25 0 16 0 16 1.66502736235808 -2.99607652789372e-16 0.0106238163655898 
0.217948717948718 0.0625 0.0237246112346493 26 0 17 0 17 1.68033454016285 -2.10583260372756e-16 0.0455539795663902 
0.230769230769231 0.0625 0.0177129157942482 27 0 18 0 18 1.72247686143734 3.50672957899879e-16 0.0148127004074179 
0.243589743589744 0.0625 0.010360231858776 28 0 19 0 19 1.74317474611222 8.64294651367315e-18 0.00232615948097935 
0.256410256410256 0.0625 0.00107306536569275 29 0 20 0 20 1.78020393518512 -7.48948100441749e-15 0.0391127537513794 
0.487179487179487 0.0625 0 47 0 38 0 38 0.0136617782086666 -3.23602766468661e-15 0.00209071142363064 
0.474358974358974 0.0625 0 46 0 37 0 37 0.0275522846628514 -2.82466039947134e-15 0.00214314496254402 
0.461538461538462 0.0625 0 45 0 36 0 36 0.0419171046841765 -2.62060884918185e-15 0.00223304319990232 
0.448717948717949 0.0625 0 44 0 35 0 35 0.0569611592279368 -2.25830641796007e-15 0.00236199689575128 
0.435897435897436 0.0625 0 43 0 34 0 34 0.0730735741373973 -2.65853112440416e-15 0.00254097504046022 
0.423076923076923 0.0625 0 42 0 33 0 33 0.0905174042825802 -2.54158823169444e-15 0.00277510513518465 
0.41025641025641 0.0625 0 41 0 32 0 32 0.109621882181624 -2.28812484823007e-15 0.00307433713955359 
0.397435897435897 0.0625 0 40 0 31 0 31 0.131178399785076 -2.33946732075409e-15 0.00346774776865263 
0.384615384615385 0.0625 0 39 0 30 0 30 0.155552053874602 -2.22676924221721e-15 0.00397101576530054 
0.371794871794872 0.0625 0 38 0 29 0 29 0.18363341081458 -2.10593484485186e-15 0.00462441996328993 
0.358974358974359 0.0625 0 37 0 28 0 28 0.217022161022742 -2.12112125223884e-15 0.00550813324808962 
0.346153846153846 0.0625 0 36 0 27 0 27 0.256908166211276 -1.76752890010866e-15 0.0067003621028037 
0.333333333333333 0.0625 0 35 0 26 0 26 0.30629654373973 -1.28068630898126e-15 0.00839511447787814 
0.32051282051282 0.0625 0 34 0 25 0 25 0.370086935700836 -1.4135457879226e-15 0.0109757802425358 
0.307692307692308 0.0625 0 33 0 24 0 24 0.454709119852795 -1.72140558570589e-15 0.0150822386914256 
0.294871794871795 0.0625 0 32 0 23 0 23 0.579233867274688 -1.56422905764589e-15 0.0226407800268403 
0.282051282051282 0.0625 0 31 0 22 0 22 0.796386189845719 -3.90646100586334e-15 0.043469485329147 
0.269230769230769 0.0625 0 30 0 21 0 21 1.30434777596486 -1.1700796326983e-14 0.092171195668672 
