39
0
3
3
0
0 0.0625 0.153791652781408 10 0 0 0 0 0.0054932229747335 -4.97612367190429e-15 -0.846561271353821 
0.0128205128205128 0.0625 0.153587107128892 11 0 1 0 1 0.0372420405056685 -3.13395856178295e-15 -0.858841216732719 
0.0256410256410256 0.0625 0.152674657727929 12 0 2 0 2 0.0628318468204299 -7.31849459535301e-16 -0.865072768614723 
0.0384615384615385 0.0625 0.151119768650041 13 0 3 0 3 0.0892677004084593 3.28056879085038e-16 -0.890022374321985 
0.0512820512820513 0.0625 0.148939179758826 14 0 4 0 4 0.124900916723934 -1.58766201026631e-15 -0.929049662240004 
0.0641025641025641 0.0625 0.14611284225196 15 0 5 0 5 0.174125626033648 -1.47051041910564e-16 -0.977419591796612 
0.0769230769230769 0.0625 0.142365306526629 16 0 6 0 6 0.195352976102227 -2.08446123955286e-15 -1.04617798514417 
0.0897435897435897 0.0625 0.137591037235259 17 0 7 0 7 0.249538780354561 -3.84265664270266e-16 -1.15419158564313 
0.102564102564103 0.0625 0.130555049288435 18 0 8 0 8 0.324274832415214 1.81453259254395e-16 -1.25405261166369 
0.115384615384615 0.0625 0.116097798075834 19 0 9 0 9 0.453475329803449 -5.69811765861151e-16 -1.17352233576488 
0.128205128205128 0.0625 0.0969596026213568 20 0 10 0 10 0.854928205568353 9.13644227867934e-16 -1.08528969750012 
0.141025641025641 0.0625 0.0818746019173558 21 0 11 0 11 1.12921483121286 -6.29129306881686e-15 -0.898291557342307 
0.153846153846154 0.0625 0.0698864902086684 22 0 12 0 12 1.31031230671344 1.79679621699246e-15 -0.68104624694311 
0.166666666666667 0.0625 0.060382927258048 23 0 13 0 13 1.46433517110259 -3.96381710064789e-15 -0.494542099962712 
0.179487179487179 0.0625 0.0526350590871293 24 0 14 0 14 1.59668595785333 -4.92461035327835e-15 -0.344030849570859 
0.192307692307692 0.0625 0.0464172361981146 25 0 15 0 15 1.69682656908455 1.6036097124536e-16 -0.219723234104915 
0.205128205128205 0.0625 0.0410775036112279 26 0 16 0 16 1.76601651492933 1.1397252040308e-15 -0.130994540613913 
0.217948717948718 0.0625 0.0367923574209956 27 0 17 0 17 1.7308955719923 -5.78572875436479e-16 -0.0205762226016902 
0.230769230769231 0.0625 0.0322900640826616 28 0 18 0 18 1.81351123544741 -1.39240347291005e-15 -0.00386650896009511 
0.243589743589744 0.0625 0.0278651387097736 29 0 19 0 19 1.78448278607066 -1.24991141110242e-15 0.0189819861810725 
0.256410256410256 0.0625 0.0226456291309363 30 0 20 0 20 1.78274552741379 -3.47390596100414e-16 0.0436692429060905 
0.487179487179487 0.0625 0 48 0 38 0 38 0.018520188502496 -4.00591546910006e-15 0.00283810506798194 
0.474358974358974 0.0625 0 47 0 37 0 37 0.0374466671962979 -3.49382867922961e-15 0.00293143798492289 
0.461538461538462 0.0625 0 46 0 36 0 36 0.0572241289368269 -3.20880783548586e-15 0.00309354818041003 
0.448717948717949 0.0625 0 45 0 35 0 35 0.0782386305701604 -2.90681762063255e-15 0.00333028403445002 
0.435897435897436 0.0625 0 44 0 34 0 34 0.101244815564944 -3.30071992091872e-15 0.00366822338170456 
0.423076923076923 0.0625 0 43 0 33 0 33 0.126817001476996 -3.06855568992881e-15 0.00412625382876122 
0.41025641025641 0.0625 0 42 0 32 0 32 0.155710513291736 -2.78295060434217e-15 0.00473701942365867 
0.397435897435897 0.0625 0 41 0 31 0 31 0.189787010534676 -2.7837137978914e-15 0.00559244484036893 
0.384615384615385 0.0625 0 40 0 30 0 30 0.230257133678126 -2.43993744758575e-15 0.00677000275719425 
0.371794871794872 0.0625 0 39 0 29 0 29 0.27984674792898 -2.37110718598351e-15 0.00844824063636484 
0.358974358974359 0.0625 0 38 0 28 0 28 0.34420837024684 -2.2681592985514e-15 0.0110544029154258 
0.346153846153846 0.0625 0 37 0 27 0 27 0.42987096486375 -1.82272662707283e-15 0.0152404246623092 
0.333333333333333 0.0625 0 36 0 26 0 26 0.554550562165966 -1.83946768027441e-15 0.0229247006147453 
0.32051282051282 0.0625 0 35 0 25 0 25 0.767213092425988 -3.23633128991101e-15 0.0417171082825934 
0.307692307692308 0.0625 0 34 0 24 0 24 1.29078683261489 -5.57855498857107e-15 0.101160926487146 
0.294871794871795 0.0625 0 33 0 23 0 23 1.98606033874412 -8.18909788337208e-15 0.0337338429328179 
0.282051282051282 0.0625 0.00887837957931992 32 0 22 0 22 1.86241867217096 -1.2432015864755e-15 0.00194730476235411 
0.269230769230769 0.0625 0.0162800460285527 31 0 21 0 21 1.83706480122075 5.65582955507277e-16 0.00577798555652999 
