39
0
3
3
0
0 0.0625 0.18913536936829 8 0 0 0 0 0.00140295421070933 1.7302766623691e-15 -0.883510509947358 
0.0128205128205128 0.0625 0.189047727823355 9 0 1 0 1 0.00961997709895788 1.86043609999251e-16 -0.888774272026866 
0.0256410256410256 0.0625 0.188462783819978 10 0 2 0 2 0.0194664758088334 -9.38543845812883e-18 -0.898746986884182 
0.0384615384615385 0.0625 0.18784534109602 11 0 3 0 3 0.029867179468866 1.36986840679696e-16 -0.921588806663734 
0.0512820512820513 0.0625 0.186750289543787 12 0 4 0 4 0.0463792392985562 7.91566634845561e-16 -0.963888201200343 
0.0641025641025641 0.0625 0.18548246726971 13 0 5 0 5 0.0684770259398547 -5.68119048457504e-16 -0.982221700414615 
0.0769230769230769 0.0625 0.183871839706802 14 0 6 0 6 0.0565610409624978 -6.83128412013678e-17 -1.0302379502905 
0.0897435897435897 0.0625 0.18196783348207 15 0 7 0 7 0.0637007191045135 -4.18365484706968e-17 -1.09279542741405 
0.102564102564103 0.0625 0.171680674764536 16 0 8 0 8 0.0891993383228986 -3.05410192838138e-17 -1.11277105405966 
0.115384615384615 0.0625 0.109626039702451 17 0 9 0 9 0.461537823541941 -2.90359721678239e-16 -0.947999717228308 
0.128205128205128 0.0625 0.077057867220741 18 0 10 0 10 0.873403291072871 4.53655427755612e-16 -0.829564767860677 
0.141025641025641 0.0625 0.0569313762094868 19 0 11 0 11 1.16026545180203 -1.20534906433106e-15 -0.60668048909661 
0.153846153846154 0.0625 0.04339298926059 20 0 12 0 12 1.35981489615062 1.83188554238468e-15 -0.381217510489179 
0.166666666666667 0.0625 0.0337347254136909 21 0 13 0 13 1.49878604265685 -2.81003110108649e-17 -0.197104118085767 
0.179487179487179 0.0625 0.0265588412800591 22 0 14 0 14 1.56539110764589 -1.60198985913728e-16 -0.070280107068871 
0.192307692307692 0.0625 0.0202601468314709 23 0 15 0 15 1.56915313977325 6.09146520191274e-16 0.00951355644927411 
0.205128205128205 0.0625 0.0132282640081222 24 0 16 0 16 1.57362058449024 1.0972212587631e-15 0.0335051817046215 
0.217948717948718 0.0625 0.00455492530070001 25 0 17 0 17 1.61995597021906 -3.08067876975889e-15 0.00943106763621942 
0.230769230769231 0.0625 0 26 0 18 0 18 1.50576966978877 -2.50881905575736e-15 0.109152795810766 
0.243589743589744 0.0625 0 27 0 19 0 19 0.913545032521148 -2.09144456819692e-15 0.0542918154080103 
0.256410256410256 0.0625 0 28 0 20 0 20 0.637303437463461 -2.22925147213923e-16 0.0256296639706248 
0.487179487179487 0.0625 0 46 0 38 0 38 0.0107093013772401 -7.75624042523253e-16 0.0016375949424629 
0.474358974358974 0.0625 0 45 0 37 0 37 0.0215661804218354 -5.64682267173792e-16 0.00167138267766891 
0.461538461538462 0.0625 0 44 0 36 0 36 0.0327273161569122 -5.51291795072795e-16 0.00172887962509443 
0.448717948717949 0.0625 0 43 0 35 0 35 0.0443204138298529 -2.19828132686652e-16 0.00181050929721125 
0.435897435897436 0.0625 0 42 0 34 0 34 0.0565839466463094 -8.12843134479794e-16 0.00192200421889085 
0.423076923076923 0.0625 0 41 0 33 0 33 0.0696675148973462 -7.00038211947141e-16 0.00206499094033941 
0.41025641025641 0.0625 0 40 0 32 0 32 0.0837531627880866 -6.08352482133481e-16 0.00224351112379604 
0.397435897435897 0.0625 0 39 0 31 0 31 0.0992750750475783 -6.75187075582701e-16 0.00247041997594014 
0.384615384615385 0.0625 0 38 0 30 0 30 0.116387338472946 -5.3533276833491e-16 0.00274998870887638 
0.371794871794872 0.0625 0 37 0 29 0 29 0.135510741517421 -6.13112765167782e-16 0.00309663418276966 
0.358974358974359 0.0625 0 36 0 28 0 28 0.157352445982484 -6.05389884361281e-16 0.00353679438765931 
0.346153846153846 0.0625 0 35 0 27 0 27 0.182300235480187 -5.89634625877782e-16 0.00408925733331854 
0.333333333333333 0.0625 0 34 0 26 0 26 0.211429957620369 -2.49096527718928e-16 0.00480299439126997 
0.32051282051282 0.0625 0 33 0 25 0 25 0.246165358140859 -1.8842802534656e-16 0.00575404039383533 
0.307692307692308 0.0625 0 32 0 24 0 24 0.28784315989503 -4.35956507760652e-16 0.0070317908598373 
0.294871794871795 0.0625 0 31 0 23 0 23 0.340110590056423 -4.76688005256503e-16 0.00887797425171704 
0.282051282051282 0.0625 0 30 0 22 0 22 0.40773736000128 -2.28636521608845e-16 0.0117062893109303 
0.269230769230769 0.0625 0 29 0 21 0 21 0.498385180166937 -2.74204042649186e-16 0.0163174006870008 
