39
0
3
3
0
0 0.0625 0.221269091206979 6 0 0 0 0 0.000330672869893941 2.88004732306596e-16 -0.690993053046831 
0.0128205128205128 0.0625 0.221215287528644 7 0 1 0 1 0.00215750993290427 2.24777168499142e-16 -0.692603444269602 
0.0256410256410256 0.0625 0.221072678585491 8 0 2 0 2 0.00424545970961641 2.40130254055258e-17 -0.697458981155525 
0.0384615384615385 0.0625 0.220850877718805 9 0 3 0 3 0.00619642417622363 4.00029544476578e-16 -0.705485416988259 
0.0512820512820513 0.0625 0.220545372424914 10 0 4 0 4 0.00796491616038572 -7.68855859632105e-17 -0.716403487613733 
0.0641025641025641 0.0625 0.220188379324438 11 0 5 0 5 0.00949731878198637 -5.32278206818617e-17 -0.730267498035239 
0.0769230769230769 0.0625 0.219712812329258 12 0 6 0 6 0.0107953608740471 6.74588672074605e-17 -0.746318813882812 
0.0897435897435897 0.0625 0.219142795678607 13 0 7 0 7 0.0119934715429598 -4.96545517650179e-17 -0.763452853922124 
0.102564102564103 0.0625 0.203125 14 0 8 0 8 0.0225489149902893 1.02583363483361e-15 -0.665378127563735 
0.115384615384615 0.0625 0.0657423326629543 15 0 9 0 9 0.509139792917373 -1.94785724930037e-16 -0.571008844710184 
0.128205128205128 0.0625 0.0341167008347851 16 0 10 0 10 0.948732043976986 -3.22409196080123e-16 -0.38314869523246 
0.141025641025641 0.0625 0.0186786963809703 17 0 11 0 11 1.19299362149907 7.47363957127278e-16 -0.127189564395674 
0.153846153846154 0.0625 0.00863067113935915 18 0 12 0 12 1.26374479811693 -4.5686805988229e-17 0.0112424608938105 
0.166666666666667 0.0625 0 19 0 13 0 13 1.26232303389845 -1.65123276748482e-15 0.0505313577999418 
0.179487179487179 0.0625 0 20 0 14 0 14 0.897613024699923 -1.79066600027192e-15 0.0481023846463027 
0.192307692307692 0.0625 0 21 0 15 0 15 0.627671010420838 -1.01250450947751e-15 0.0248415280645812 
0.205128205128205 0.0625 0 22 0 16 0 16 0.497951100326491 3.29015967568423e-16 0.0154058303797058 
0.217948717948718 0.0625 0 23 0 17 0 17 0.411551812950612 -5.40581563246618e-17 0.0110010168524037 
0.230769230769231 0.0625 0 24 0 18 0 18 0.347561889774437 3.04698386390457e-16 0.00834889892738229 
0.243589743589744 0.0625 0 25 0 19 0 19 0.298734426954727 -4.70569820071019e-16 0.00667147381061942 
0.256410256410256 0.0625 0 26 0 20 0 20 0.258926036874169 -3.29074089891169e-16 0.00547094633289606 
0.487179487179487 0.0625 0 44 0 38 0 38 0.00674620453850823 -9.95618546771599e-16 0.00103078193001895 
0.474358974358974 0.0625 0 43 0 37 0 37 0.0135655977024198 -6.5545285003964e-16 0.00104751501802263 
0.461538461538462 0.0625 0 42 0 36 0 36 0.0205349919384144 -9.04736716333469e-16 0.00107577758279132 
0.448717948717949 0.0625 0 41 0 35 0 35 0.0277155158263089 -5.47377113072264e-16 0.00111548990090545 
0.435897435897436 0.0625 0 40 0 34 0 34 0.0352194086273676 -9.93056615850301e-16 0.00116887340878966 
0.423076923076923 0.0625 0 39 0 33 0 33 0.0431115982586772 -9.67905208144701e-16 0.00123601219374712 
0.41025641025641 0.0625 0 38 0 32 0 32 0.0514688913184706 -9.16393921613104e-16 0.0013179456425747 
0.397435897435897 0.0625 0 37 0 31 0 31 0.0604740274462948 -7.41142230046565e-16 0.00141877411154244 
0.384615384615385 0.0625 0 36 0 30 0 30 0.0701720089507374 -7.55492469601991e-16 0.0015387148491215 
0.371794871794872 0.0625 0 35 0 29 0 29 0.0807145111376385 -7.47892329890178e-16 0.00168128417214728 
0.358974358974359 0.0625 0 34 0 28 0 28 0.0923415406858469 -8.09751919904333e-16 0.00185250010689406 
0.346153846153846 0.0625 0 33 0 27 0 27 0.105136826482682 -8.53557080701957e-16 0.00205466402812716 
0.333333333333333 0.0625 0 32 0 26 0 26 0.119402358434694 -6.44259393747156e-16 0.00229640378525064 
0.32051282051282 0.0625 0 31 0 25 0 25 0.135463788622593 -4.29711031974249e-16 0.00258807978461307 
0.307692307692308 0.0625 0 30 0 24 0 24 0.153526019618355 -6.87543322611856e-16 0.00293781750036059 
0.294871794871795 0.0625 0 29 0 23 0 23 0.174249241246002 -4.50830458372287e-16 0.00336930586621472 
0.282051282051282 0.0625 0 28 0 22 0 22 0.198146407989387 -5.75737127222749e-16 0.00390614895967963 
0.269230769230769 0.0625 0 27 0 21 0 21 0.225798176053809 -5.55603822922851e-16 0.00457834480197216 
