39
0
3
3
0
0 0.0625 0.242625362332797 4 0 0 0 0 4.11558756151283e-05 1.96059321430834e-17 -0.366334724437505 
0.0128205128205128 0.0625 0.242614660935133 5 0 1 0 1 0.000263782685786087 1.52488043168061e-16 -0.366818525259314 
0.0256410256410256 0.0625 0.242588457561596 6 0 2 0 2 0.000498735523794036 2.44436448880772e-16 -0.368268698451246 
0.0384615384615385 0.0625 0.242548868571348 7 0 3 0 3 0.000674345675608672 1.32452475367166e-16 -0.370621058275378 
0.0512820512820513 0.0625 0.242497220118252 8 0 4 0 4 0.00076227256733541 2.18281979076166e-16 -0.373758330971823 
0.0641025641025641 0.0625 0.242454387948218 9 0 5 0 5 0.000695319687720898 1.94612734001028e-16 -0.377622267335509 
0.0769230769230769 0.0625 0.24234381473099 10 0 6 0 6 0.000542781195357629 4.1427012256119e-17 -0.382007772219979 
0.0897435897435897 0.0625 0.242269304827371 11 0 7 0 7 0.000676514315048013 -3.52046029406429e-17 -0.385727577548949 
0.102564102564103 0.0625 0.0884441361556048 12 0 8 0 8 0.145150283453281 6.79297956545032e-16 -0.371017708180835 
0.115384615384615 0.0625 0.0072430546391092 13 0 9 0 9 0.744834131702613 2.42010003150282e-16 -0.0499043600189042 
0.128205128205128 0.0625 0 14 0 10 0 10 0.780123167969072 5.50323803850315e-16 0.0529573473022607 
0.141025641025641 0.0625 0 15 0 11 0 11 0.506355668529601 -5.90873485149834e-16 0.025517307533374 
0.153846153846154 0.0625 0 16 0 12 0 12 0.373798628136128 7.36033069190299e-17 0.0131655360208393 
0.166666666666667 0.0625 0 17 0 13 0 13 0.302110926812803 -2.99091306275759e-17 0.00879420930420406 
0.179487179487179 0.0625 0 18 0 14 0 14 0.252532286674757 -3.47780570020558e-16 0.00644043864568762 
0.192307692307692 0.0625 0 19 0 15 0 15 0.214850805515573 8.04446799563203e-17 0.00498182024046481 
0.205128205128205 0.0625 0 20 0 16 0 16 0.185493070982627 -7.96963554796399e-17 0.00401206597589001 
0.217948717948718 0.0625 0 21 0 17 0 17 0.161538185553314 -6.4088970587458e-17 0.00330927143975863 
0.230769230769231 0.0625 0 22 0 18 0 18 0.141464686451589 8.96979463289796e-17 0.00277529448159504 
0.243589743589744 0.0625 0 23 0 19 0 19 0.124692193184043 -1.07119897558585e-16 0.00236855576266001 
0.256410256410256 0.0625 0 24 0 20 0 20 0.110226759639318 5.22586901206168e-17 0.00204201966682186 
0.487179487179487 0.0625 0 42 0 38 0 38 0.00315282929978746 -1.63643821964965e-16 0.000481614125982105 
0.474358974358974 0.0625 0 41 0 37 0 37 0.00633682258953132 -1.36322690694078e-17 0.000488735641218655 
0.461538461538462 0.0625 0 40 0 36 0 36 0.00958457163958721 -2.06723165380321e-16 0.000500737896091423 
0.448717948717949 0.0625 0 39 0 35 0 35 0.0129218301808703 -1.48479588918952e-17 0.000517551034792063 
0.435897435897436 0.0625 0 38 0 34 0 34 0.0163956490026212 -1.54522697452965e-16 0.000540046710977279 
0.423076923076923 0.0625 0 37 0 33 0 33 0.0200325696469821 -1.36990879904998e-16 0.000568179267569991 
0.41025641025641 0.0625 0 36 0 32 0 32 0.0238637330326205 -2.12368148682102e-16 0.000602287166124831 
0.397435897435897 0.0625 0 35 0 31 0 31 0.027963273300855 -1.94364865913619e-17 0.000643879680326579 
0.384615384615385 0.0625 0 34 0 30 0 30 0.0323470663758552 -1.56852601057428e-16 0.000692877665991635 
0.371794871794872 0.0625 0 33 0 29 0 29 0.0370738684444058 -1.73367397481727e-16 0.000750453530992688 
0.358974358974359 0.0625 0 32 0 28 0 28 0.0422351649684254 -3.40793979009392e-17 0.000818581967153849 
0.346153846153846 0.0625 0 31 0 27 0 27 0.0478573443680349 -2.54830535221298e-16 0.000897762015301671 
0.333333333333333 0.0625 0 30 0 26 0 26 0.0540496594574402 -4.71230501642298e-17 0.000990606327654847 
0.32051282051282 0.0625 0 29 0 25 0 25 0.0609226304988476 3.57894445155601e-17 0.00109995189642263 
0.307692307692308 0.0625 0 28 0 24 0 24 0.0685351214707428 -1.27757219170159e-16 0.00122759977711097 
0.294871794871795 0.0625 0 27 0 23 0 23 0.0771010526572938 -1.72691611030296e-16 0.00137958055124747 
0.282051282051282 0.0625 0 26 0 22 0 22 0.0867581093256941 -1.11630378537966e-16 0.00156065195825185 
0.269230769230769 0.0625 0 25 0 21 0 21 0.0976487219126806 -1.57645214469747e-16 0.00177620720849449 
