39
0
3
3
0
0 0.0625 0.233576088925614 5 0 0 0 0 -0.000177136680612472 -1.07308626710284e-15 -0.537229510241167 
0.0128205128205128 0.0625 0.23354979124315 6 0 1 0 1 -0.00114830162725619 -6.22638872462792e-16 -0.538162347779072 
0.0256410256410256 0.0625 0.233480992720844 7 0 2 0 2 -0.00222936438410964 -6.70756978144524e-16 -0.540943210603188 
0.0384615384615385 0.0625 0.233379955493904 8 0 3 0 3 -0.00321497397830188 -1.30767291620003e-17 -0.545689197708041 
0.0512820512820513 0.0625 0.233244785813259 9 0 4 0 4 -0.00626014179787446 2.87709125847991e-15 -0.549184055539 
0.0641025641025641 0.0625 0.233084413671112 10 0 5 0 5 -0.00875565186278508 2.32888323633961e-15 -0.559458856507034 
0.0769230769230769 0.0625 0.232852987038062 11 0 6 0 6 -0.00468205689027716 1.78174445329447e-15 -0.570510674353878 
0.0897435897435897 0.0625 0.232555231810952 12 0 7 0 7 0.00627102495869403 1.17693803149788e-15 -0.580199015265297 
0.102564102564103 0.0625 0.13571954987572 13 0 8 0 8 0.111956864978403 -5.13453918669657e-16 -0.568446390504999 
0.115384615384615 0.0625 0.0348016199012376 14 0 9 0 9 0.610916423428848 -3.76917670996177e-17 -0.343326988609545 
0.128205128205128 0.0625 0.0117201990650806 15 0 10 0 10 1.00291302432327 6.01825858527821e-16 -0.0851197717489651 
0.141025641025641 0.0625 0 16 0 11 0 11 1.07476627218535 -1.04348631467392e-15 0.0284149901017595 
0.153846153846154 0.0625 0 17 0 12 0 12 0.797245810124001 7.94546374597566e-16 0.0418313898710448 
0.166666666666667 0.0625 0 18 0 13 0 13 0.560935435969189 1.2518215351772e-15 0.0229598018622923 
0.179487179487179 0.0625 0 19 0 14 0 14 0.441946165126787 -2.45762865635406e-16 0.0137888789494061 
0.192307692307692 0.0625 0 20 0 15 0 15 0.364034861118861 2.48348879589956e-16 0.00972287468340056 
0.205128205128205 0.0625 0 21 0 16 0 16 0.30823730540384 2.79027038154033e-17 0.00739688345799629 
0.217948717948718 0.0625 0 22 0 17 0 17 0.264841600939034 -3.48026796441543e-16 0.00587363194162943 
0.230769230769231 0.0625 0 23 0 18 0 18 0.229621932259603 -2.08540857131372e-16 0.0047952318533175 
0.243589743589744 0.0625 0 24 0 19 0 19 0.200910652200547 -7.29226183179325e-16 0.0040175691727087 
0.256410256410256 0.0625 0 25 0 20 0 20 0.176538365623985 -6.58354320161765e-16 0.00341436413437331 
0.487179487179487 0.0625 0 43 0 38 0 38 0.00488337338992798 -1.26033500879082e-15 0.000746040973518386 
0.474358974358974 0.0625 0 42 0 37 0 37 0.00981695298384995 -1.00267495680532e-15 0.000757516091871733 
0.461538461538462 0.0625 0 41 0 36 0 36 0.0148533152006411 -1.21857667286966e-15 0.000776871404774157 
0.448717948717949 0.0625 0 40 0 35 0 35 0.0200341155713715 -8.74707032897557e-16 0.000804015874633405 
0.435897435897436 0.0625 0 39 0 34 0 34 0.0254355974432455 -1.2841055742547e-15 0.000840397606272971 
0.423076923076923 0.0625 0 38 0 33 0 33 0.0311011725357983 -1.21404682829584e-15 0.000885989971122545 
0.41025641025641 0.0625 0 37 0 32 0 32 0.0370819225567617 -1.14332235603989e-15 0.000941397074919169 
0.397435897435897 0.0625 0 36 0 31 0 31 0.0434994018262337 -1.03607272675472e-15 0.00100918213239723 
0.384615384615385 0.0625 0 35 0 30 0 30 0.0503810229845804 -1.0273684106063e-15 0.00108930704997821 
0.371794871794872 0.0625 0 34 0 29 0 29 0.0578246730393471 -1.12045018370722e-15 0.00118383003169117 
0.358974358974359 0.0625 0 33 0 28 0 28 0.0659835459100249 -1.02150041511801e-15 0.00129623007022058 
0.346153846153846 0.0625 0 32 0 27 0 27 0.074904923791201 -1.13087472544837e-15 0.00142753543425924 
0.333333333333333 0.0625 0 31 0 26 0 26 0.08477475672281 -9.43034249283895e-16 0.001582456952991 
0.32051282051282 0.0625 0 30 0 25 0 25 0.0957849943504681 -7.28388641669072e-16 0.00176627474942942 
0.307692307692308 0.0625 0 29 0 24 0 24 0.108043728623861 -9.32558546266505e-16 0.00198259460787393 
0.294871794871795 0.0625 0 28 0 23 0 23 0.121927047114505 -9.01443097627897e-16 0.00224287020917734 
0.282051282051282 0.0625 0 27 0 22 0 22 0.137692212109602 -8.80101900191212e-16 0.0025569048939906 
0.269230769230769 0.0625 0 26 0 21 0 21 0.155613087805584 -1.0061037404649e-15 0.00293628511911227 
