39
0
3
3
0
0 0.0625 0.122862919682562 12 0 0 0 0 0.00935693450991758 -2.12389466959634e-15 -0.701711539899915 
0.0128205128205128 0.0625 0.122530156300011 13 0 1 0 1 0.0608043577361161 -2.77973649050463e-15 -0.707798894785011 
0.0256410256410256 0.0625 0.121479752793953 14 0 2 0 2 0.114378220929255 -2.84062593196653e-15 -0.71338774040472 
0.0384615384615385 0.0625 0.119690363640975 15 0 3 0 3 0.168264617497563 4.33122488118477e-16 -0.72553869501162 
0.0512820512820513 0.0625 0.117106465660591 16 0 4 0 4 0.235727118599964 7.5313108557096e-16 -0.750671177401161 
0.0641025641025641 0.0625 0.113777608276375 17 0 5 0 5 0.303449138766825 -2.02570138964862e-15 -0.771758893181532 
0.0769230769230769 0.0625 0.109469107329418 18 0 6 0 6 0.375700365419438 -3.39256233169585e-15 -0.810270331913459 
0.0897435897435897 0.0625 0.104211930004302 19 0 7 0 7 0.456923080973974 -1.55810433329067e-15 -0.8420747178653 
0.102564102564103 0.0625 0.0979159707223536 20 0 8 0 8 0.562774252790231 -3.90372401408097e-15 -0.880676206079405 
0.115384615384615 0.0625 0.0910514853394249 21 0 9 0 9 0.68769143002677 -5.97915629186815e-15 -0.897494573954673 
0.128205128205128 0.0625 0.0842437940026705 22 0 10 0 10 0.845120341404135 -7.80941010832439e-15 -0.882661342405353 
0.141025641025641 0.0625 0.0778243354035142 23 0 11 0 11 1.00139985053572 -2.06934357783599e-15 -0.815713263983282 
0.153846153846154 0.0625 0.0720149766931726 24 0 12 0 12 1.15622010646387 4.64555349217436e-16 -0.7357602649359 
0.166666666666667 0.0625 0.0669845356536284 25 0 13 0 13 1.29184988274031 -9.43722257710169e-17 -0.623139123812734 
0.179487179487179 0.0625 0.0623455330538046 26 0 14 0 14 1.43190221892374 -1.2456167583923e-15 -0.517617764157732 
0.192307692307692 0.0625 0.0584714948806849 27 0 15 0 15 1.54291802289484 -1.59779520057085e-15 -0.431138212869339 
0.205128205128205 0.0625 0.0548054651625202 28 0 16 0 16 1.65205147187364 -1.99623813152662e-15 -0.344714614264336 
0.217948717948718 0.0625 0.0516916353747077 29 0 17 0 17 1.69885169853552 -3.55763906747572e-15 -0.250038915276234 
0.230769230769231 0.0625 0.0486116888036032 30 0 18 0 18 1.78744943998656 -6.12911816240109e-15 -0.199686905175781 
0.243589743589744 0.0625 0.0461506732518003 31 0 19 0 19 1.80207471395241 -6.85325521481564e-15 -0.0935245048740255 
0.256410256410256 0.0625 0.0438890873228113 32 0 20 0 20 1.80417205321169 -1.5282435874093e-15 -0.0769450959013296 
0.487179487179487 0.0625 0 50 0 38 0 38 0.0468268755943452 -1.03317618480278e-15 0.00722984060386029 
0.474358974358974 0.0625 0 49 0 37 0 37 0.0960616673182297 -6.46549557009665e-16 0.00778906390018263 
0.461538461538462 0.0625 0 48 0 36 0 36 0.15064258725503 -3.61301367775663e-16 0.00883660073752998 
0.448717948717949 0.0625 0 47 0 35 0 35 0.213731976246898 -4.42245156421984e-16 0.010540616481669 
0.435897435897436 0.0625 0 46 0 34 0 34 0.292735325243175 -6.65491333210862e-16 0.0134557381359396 
0.423076923076923 0.0625 0 45 0 33 0 33 0.397727474736728 -8.06751084284506e-16 0.0185671409265109 
0.41025641025641 0.0625 0 44 0 32 0 32 0.548172790928126 -9.79115467837011e-16 0.0279986326178606 
0.397435897435897 0.0625 0 43 0 31 0 31 0.82629229853576 -2.30475545108019e-15 0.0556196352624945 
0.384615384615385 0.0625 0 42 0 30 0 30 1.540683826697 -4.64129301452868e-15 0.128941111688682 
0.371794871794872 0.0625 0.00226401953928285 41 0 29 0 29 2.14803164047916 -6.71975412958788e-15 0.0174321772269062 
0.358974358974359 0.0625 0.00960759911573495 40 0 28 0 28 2.06305287329897 -3.7067820925495e-16 -0.00334698860008626 
0.346153846153846 0.0625 0.0161701863243207 39 0 27 0 27 2.02033991880412 -4.15676290839495e-16 -0.00604510090457993 
0.333333333333333 0.0625 0.0223935371940943 38 0 26 0 26 1.95290822985459 -2.01430505399879e-15 0.0142709801439797 
0.32051282051282 0.0625 0.0275634121265922 37 0 25 0 25 1.94902046909966 -2.87344881883762e-15 -0.00480482624102645 
0.307692307692308 0.0625 0.0319284016289038 36 0 24 0 24 1.95383635516287 -2.74077793331662e-15 -0.00353270252916822 
0.294871794871795 0.0625 0.0354698437345984 35 0 23 0 23 1.90517901778903 -1.12023001656176e-15 -0.0109714320205156 
0.282051282051282 0.0625 0.0384264498937646 34 0 22 0 22 1.8522189734369 1.6410399126629e-15 0.0380429355240432 
0.269230769230769 0.0625 0.0410204789546508 33 0 21 0 21 1.90703610240717 1.86860419946865e-15 -0.0569944105024111 
