39
0
3
3
0
0 0.0625 0.137516148861421 11 0 0 0 0 0.00819588770509604 -2.48764983200174e-15 -0.782462191744721 
0.0128205128205128 0.0625 0.137310814565032 12 0 1 0 1 0.0470201761089408 -2.04937135257369e-15 -0.779142575895161 
0.0256410256410256 0.0625 0.136281942172569 13 0 2 0 2 0.0855968072538147 -3.14654151289083e-17 -0.790163965801084 
0.0384615384615385 0.0625 0.134465618328473 14 0 3 0 3 0.133024262393363 2.27371269669087e-16 -0.811238966942723 
0.0512820512820513 0.0625 0.131954340857297 15 0 4 0 4 0.193996195236622 -1.93137181829689e-15 -0.865436020061143 
0.0641025641025641 0.0625 0.128649369186643 16 0 5 0 5 0.229708559469207 -1.01044841188683e-15 -0.877358647313454 
0.0769230769230769 0.0625 0.124320510895145 17 0 6 0 6 0.298868697474788 -6.00977495869602e-16 -0.939284585921901 
0.0897435897435897 0.0625 0.118748128246827 18 0 7 0 7 0.369642487919744 -1.61916396469102e-15 -1.00955612855082 
0.102564102564103 0.0625 0.111827436721491 19 0 8 0 8 0.473846174353671 -4.30898298262041e-15 -1.09547618613172 
0.115384615384615 0.0625 0.103358225524381 20 0 9 0 9 0.628726781235208 -3.84164847676651e-15 -1.12577521463707 
0.128205128205128 0.0625 0.0932572453616789 21 0 10 0 10 0.825335636660179 2.14531768921609e-15 -1.05835439803363 
0.141025641025641 0.0625 0.083209684142705 22 0 11 0 11 1.02822974110757 2.0630534256214e-15 -0.897460525423146 
0.153846153846154 0.0625 0.0746224638166967 23 0 12 0 12 1.25113245171225 -3.36586294333821e-15 -0.762349978050409 
0.166666666666667 0.0625 0.0669416245396666 24 0 13 0 13 1.42121976920918 -1.85549411578587e-15 -0.612207181364194 
0.179487179487179 0.0625 0.0605065123515884 25 0 14 0 14 1.54443571774024 8.03120782016793e-17 -0.459734352725145 
0.192307692307692 0.0625 0.0549763734237289 26 0 15 0 15 1.66385702332428 -4.88890278079709e-15 -0.347837110304975 
0.205128205128205 0.0625 0.0502259148184948 27 0 16 0 16 1.73646845515347 -6.85207904816013e-15 -0.250361597683071 
0.217948717948718 0.0625 0.0461786932269985 28 0 17 0 17 1.77582822055696 -2.63173830241752e-15 -0.128332821421535 
0.230769230769231 0.0625 0.0426751230392542 29 0 18 0 18 1.83039352485607 1.76427788859048e-15 -0.0954439103454092 
0.243589743589744 0.0625 0.0390625 30 0 19 0 19 1.84881405518292 1.36462091055913e-15 -0.0152081428463977 
0.256410256410256 0.0625 0.0357490554562139 31 0 20 0 20 1.83548613215162 -9.82972918585938e-16 0.00193050554047912 
0.487179487179487 0.0625 0 49 0 38 0 38 0.0276479541833761 -1.76010597568786e-15 0.00424730427829582 
0.474358974358974 0.0625 0 48 0 37 0 37 0.0561625891915139 -1.40135745788346e-15 0.00444712786160447 
0.461538461538462 0.0625 0 47 0 36 0 36 0.0865256257861334 -1.26558171975778e-15 0.00480245872254428 
0.448717948717949 0.0625 0 46 0 35 0 35 0.119650567391242 -9.45670406608079e-16 0.00533869086294974 
0.435897435897436 0.0625 0 45 0 34 0 34 0.157421392087432 -1.42457507099665e-15 0.00614574283841344 
0.423076923076923 0.0625 0 44 0 33 0 33 0.201577212503811 -1.11818580770428e-15 0.0073183930609303 
0.41025641025641 0.0625 0 43 0 32 0 32 0.254641391146413 -1.0551904276271e-15 0.00902317428071987 
0.397435897435897 0.0625 0 42 0 31 0 31 0.323382409095103 -1.13203980056814e-15 0.0117677980751471 
0.384615384615385 0.0625 0 41 0 30 0 30 0.415079004282657 -1.07277306266543e-15 0.0162938021672509 
0.371794871794872 0.0625 0 40 0 29 0 29 0.547706812957405 -9.62683775282643e-16 0.0246191595659529 
0.358974358974359 0.0625 0 39 0 28 0 28 0.780093809542165 -1.72584781906272e-15 0.045806753217898 
0.346153846153846 0.0625 0 38 0 27 0 27 1.3861232690853 -5.31142204003724e-15 0.115909119641883 
0.333333333333333 0.0625 0 37 0 26 0 26 2.15907854319186 -9.57802114938194e-15 0.0251191008068556 
0.32051282051282 0.0625 0.00879301492777063 36 0 25 0 25 1.96599170943914 -1.02078994061068e-15 0.00314405781279001 
0.307692307692308 0.0625 0.015795259369252 35 0 24 0 24 1.9339483357902 3.98413021554869e-17 0.000401197809559288 
0.294871794871795 0.0625 0.0222585912195421 34 0 23 0 23 1.87176514012659 -1.06594803257907e-15 0.0295720661285435 
0.282051282051282 0.0625 0.0275663836277498 33 0 22 0 22 1.88253003353162 -1.94565371438566e-15 0.00905271252302934 
0.269230769230769 0.0625 0.0319336651262474 32 0 21 0 21 1.89598862195211 -2.3220560628263e-15 0.00718522099717667 
