1
1
14
0
(16 0
((0,0,0) (15,15,31) (0,0,0))
((32,0,0) (47,15,31) (0,0,0))
((0,32,0) (15,47,31) (0,0,0))
((32,32,0) (47,47,31) (0,0,0))
((16,0,0) (31,15,31) (0,0,0))
((48,0,0) (63,15,31) (0,0,0))
((16,32,0) (31,47,31) (0,0,0))
((48,32,0) (63,47,31) (0,0,0))
((0,16,0) (15,31,31) (0,0,0))
((32,16,0) (47,31,31) (0,0,0))
((0,48,0) (15,63,31) (0,0,0))
((32,48,0) (47,63,31) (0,0,0))
((16,16,0) (31,31,31) (0,0,0))
((48,16,0) (63,31,31) (0,0,0))
((16,48,0) (31,63,31) (0,0,0))
((48,48,0) (63,63,31) (0,0,0))
)
16
FabOnDisk: Cell_D_00000 0
FabOnDisk: Cell_D_00004 0
FabOnDisk: Cell_D_00008 0
FabOnDisk: Cell_D_00012 0
FabOnDisk: Cell_D_00001 0
FabOnDisk: Cell_D_00005 0
FabOnDisk: Cell_D_00009 0
FabOnDisk: Cell_D_00013 0
FabOnDisk: Cell_D_00002 0
FabOnDisk: Cell_D_00006 0
FabOnDisk: Cell_D_00010 0
FabOnDisk: Cell_D_00014 0
FabOnDisk: Cell_D_00003 0
FabOnDisk: Cell_D_00007 0
FabOnDisk: Cell_D_00011 0
FabOnDisk: Cell_D_00015 0

16,14
-3.2350430623853403e-15,-1.5368872754258376e-11,8.8718749880165412e-02,-3.6419709474188494e-12,-5.7840805185007331e-09,-1.1274223356685697e-08,1.0132777774999983e+05,1.0000000000000000e+00,3.6789437812165553e+00,1.3521288228773402e-03,1.1532540172363433e+01,1.3521288242121967e-03,-9.7679577414528265e-11,1.0000000000000000e+00,
-3.2337478209055663e-15,-1.5368856164510190e-11,8.8718749880165398e-02,-3.6405946596475551e-12,-5.7840739284577761e-09,-1.1274222611210579e-08,1.0132777774999983e+05,1.0000000000000000e+00,3.6789437812165557e+00,1.3521288228783371e-03,1.1532540172365342e+01,1.3521288242123960e-03,-9.7679973689124992e-11,1.0000000000000000e+00,
-7.2840118301175216e-17,-5.6919066643288303e-14,8.5460602675392594e-01,-2.9850424335193894e-13,-1.4260615209102489e-09,-2.2177455408236664e-09,1.0132777775000001e+05,1.0000000000000000e+00,9.1140757840556798e+03,2.2838885373902462e-05,3.5124677667400250e-01,2.2838885375916584e-05,-1.4088743113706215e-13,1.0000000000000000e+00,
-7.6918542894825676e-17,-5.6919967523410610e-14,8.5460602675392583e-01,-3.0082487906499849e-13,-1.4260437896796113e-09,-2.2177451267353342e-09,1.0132777775000001e+05,1.0000000000000000e+00,9.1140757840526767e+03,2.2838885374296187e-05,3.5124677668008902e-01,2.2838885375186781e-05,-1.4082364808330442e-13,1.0000000000000000e+00,
-3.2311707374871765e-15,-1.5368868051779303e-11,8.8718749880165440e-02,-3.6391308489907303e-12,-5.7840757847518668e-09,-1.1274218339362191e-08,1.0132777774999983e+05,1.0000000000000000e+00,3.6789437812165557e+00,1.3521288228786868e-03,1.1532540172366250e+01,1.3521288242116466e-03,-9.7680109906558878e-11,1.0000000000000000e+00,
-3.2369994039235098e-15,-1.5368870426011798e-11,8.8718749880165426e-02,-3.6406142003390396e-12,-5.7840819872334147e-09,-1.1274226462597794e-08,1.0132777774999983e+05,1.0000000000000000e+00,3.6789437812165553e+00,1.3521288228769276e-03,1.1532540172360706e+01,1.3521288242108391e-03,-9.7680041393474111e-11,1.0000000000000000e+00,
-7.0149113731772533e-17,-5.6905069533426260e-14,8.5460602675392594e-01,-3.0025947079921847e-13,-1.4260704392551730e-09,-2.2177410844331927e-09,1.0132777775000001e+05,1.0000000000000000e+00,9.1140757840564129e+03,2.2838885375423428e-05,3.5124677669721033e-01,2.2838885376132991e-05,-1.4096526755966054e-13,1.0000000000000000e+00,
-6.7835816774987473e-17,-5.6922979414085584e-14,8.5460602675392594e-01,-2.8972840297903090e-13,-1.4260612054031408e-09,-2.2177448963834764e-09,1.0132777775000001e+05,1.0000000000000000e+00,9.1140757840609531e+03,2.2838885375067573e-05,3.5124677669207799e-01,2.2838885376134611e-05,-1.4163286963408928e-13,1.0000000000000000e+00,
-6.9453387053155884e-17,-5.6909378155769212e-14,8.5460602675392594e-01,-2.7370624117106987e-13,-1.4234774591465154e-09,-2.2177391211139042e-09,1.0132777775000001e+05,1.0000000000000000e+00,9.1140757840582482e+03,2.2838885375521467e-05,3.5124677669850723e-01,2.2838885376036731e-05,-1.4083068605286358e-13,1.0000000000000000e+00,
-6.9083295904103639e-17,-5.6942732368439993e-14,8.5460602675392594e-01,-2.8633883415700116e-13,-1.4234711695498201e-09,-2.2177537849770655e-09,1.0132777775000001e+05,1.0000000000000000e+00,9.1140757840538499e+03,2.2838885373830810e-05,3.5124677667266496e-01,2.2838885375988237e-05,-1.4045363157346394e-13,1.0000000000000000e+00,
-2.4464205188932691e-15,-1.5448377374428561e-11,8.8718749880165440e-02,-5.5034518799936153e-12,-5.7757421617217246e-09,-1.1274215106696262e-08,1.0132777774999983e+05,1.0000000000000000e+00,3.6789437812165553e+00,1.3521288228771626e-03,1.1532540172367559e+01,1.3521288242131723e-03,-9.7679806960346801e-11,1.0000000000000000e+00,
-2.4443907117133082e-15,-1.5448373260754193e-11,8.8718749880165426e-02,-5.5042988157405697e-12,-5.7757342836161374e-09,-1.1274211799451722e-08,1.0132777774999983e+05,1.0000000000000000e+00,3.6789437812165553e+00,1.3521288228767767e-03,1.1532540172361376e+01,1.3521288242117049e-03,-9.7680011602668174e-11,1.0000000000000000e+00,
-7.7503724176700149e-17,-5.6912684792706460e-14,8.5460602675392594e-01,-2.6922219552824828e-13,-1.4234676388434941e-09,-2.2177627918697415e-09,1.0132777775000001e+05,1.0000000000000000e+00,9.1140757840541337e+03,2.2838885375561037e-05,3.5124677669928089e-01,2.2838885376288117e-05,-1.4101484913618483e-13,1.0000000000000000e+00,
-7.4102370423710729e-17,-5.6922656543986212e-14,8.5460602675392594e-01,-2.7717874311991831e-13,-1.4234815577194765e-09,-2.2177469950331948e-09,1.0132777775000001e+05,1.0000000000000000e+00,9.1140757840575588e+03,2.2838885375167824e-05,3.5124677669320598e-01,2.2838885376249418e-05,-1.4035033750569817e-13,1.0000000000000000e+00,
-2.4436481192131662e-15,-1.5448371074032916e-11,8.8718749880165412e-02,-5.5016167611765202e-12,-5.7757414379533463e-09,-1.1274207632895018e-08,1.0132777774999983e+05,1.0000000000000000e+00,3.6789437812165557e+00,1.3521288228769857e-03,1.1532540172364980e+01,1.3521288242113758e-03,-9.7679507649315040e-11,1.0000000000000000e+00,
-2.4454759334070054e-15,-1.5448376541096636e-11,8.8718749880165412e-02,-5.5006203294992315e-12,-5.7757387188606322e-09,-1.1274209650992218e-08,1.0132777774999983e+05,1.0000000000000000e+00,3.6789437812165553e+00,1.3521288228773582e-03,1.1532540172360971e+01,1.3521288242119701e-03,-9.7680084796091678e-11,1.0000000000000000e+00,

16,14
2.4427806136518262e-15,1.5448385055692698e-11,8.5456666679781013e-01,5.5058379192288153e-12,5.7759016292212338e-09,9.1916059785274524e-09,1.0134930531250025e+05,1.0000000000000000e+00,8.5291726568649319e+03,5.8066168066404149e+00,2.1362216790701542e+01,5.8066168066404149e+00,9.7456787294182060e-11,1.0000000000000000e+00,
2.4450827297291874e-15,1.5448367477706203e-11,8.5456666679781013e-01,5.5044125273883554e-12,5.7759068087940251e-09,9.1916128568400793e-09,1.0134930531250025e+05,1.0000000000000000e+00,8.5291726568626436e+03,5.8066168066404149e+00,2.1362216790701542e+01,5.8066168066404149e+00,9.7457206171447032e-11,1.0000000000000000e+00,
7.0551192140103760e-17,5.6896223016928318e-14,8.5483644920384927e-01,2.7472345925461371e-13,1.4236421912097503e-09,1.6720892666133189e-09,1.0134930531250007e+05,1.0000000000000000e+00,1.5379330949205469e+04,1.1850407639839777e-03,1.0800551338360629e+01,1.1850407639381055e-03,1.4154394444524053e-13,1.0000000000000000e+00,
7.2629978933832189e-17,5.6921444376378832e-14,8.5483644920384927e-01,2.7172004838236310e-13,1.4236518721014346e-09,1.6720762967946724e-09,1.0134930531250007e+05,1.0000000000000000e+00,1.5379330949205587e+04,1.1850407639837118e-03,1.0800551338357190e+01,1.1850407639377989e-03,1.4123815405115123e-13,1.0000000000000000e+00,
2.4462523575634960e-15,1.5448361495861922e-11,8.5456666679781013e-01,5.5026089514654950e-12,5.7759024837362249e-09,9.1916081323399194e-09,1.0134930531250025e+05,1.0000000000000000e+00,8.5291726568631566e+03,5.8066168066404149e+00,2.1362216790701542e+01,5.8066168066404149e+00,9.7456641133094548e-11,1.0000000000000000e+00,
2.4465879264757581e-15,1.5448369037565404e-11,8.5456666679781013e-01,5.5051791696127687e-12,5.7759052481507404e-09,9.1916112999254105e-09,1.0134930531250025e+05,1.0000000000000000e+00,8.5291726568688682e+03,5.8066168066404149e+00,2.1362216790701542e+01,5.8066168066404149e+00,9.7457000244341481e-11,1.0000000000000000e+00,
7.1106716828207641e-17,5.6897749806698032e-14,8.5483644920384927e-01,2.6649373299653647e-13,1.4236376253409125e-09,1.6720781720798470e-09,1.0134930531250007e+05,1.0000000000000000e+00,1.5379330949209892e+04,1.1850407639836689e-03,1.0800551338350337e+01,1.1850407639381277e-03,1.4145356550343763e-13,1.0000000000000000e+00,
7.0688506077485974e-17,5.6902585200108488e-14,8.5483644920384927e-01,2.7536033259684688e-13,1.4236517084417221e-09,1.6720733457925121e-09,1.0134930531250007e+05,1.0000000000000000e+00,1.5379330949217419e+04,1.1850407639835787e-03,1.0800551338358549e+01,1.1850407639379592e-03,1.4088976505571014e-13,1.0000000000000000e+00,
6.9477173935283274e-17,5.6912129757281322e-14,8.5483644920384927e-01,3.0302611943657339e-13,1.4262461705753021e-09,1.6720703548912237e-09,1.0134930531250007e+05,1.0000000000000000e+00,1.5379330949210393e+04,1.1850407639834107e-03,1.0800551338360940e+01,1.1850407639359460e-03,1.4111004922564219e-13,1.0000000000000000e+00,
7.1328193321631861e-17,5.6912668387728549e-14,8.5483644920384927e-01,3.0111710121473111e-13,1.4262446397019381e-09,1.6720850209452661e-09,1.0134930531250007e+05,1.0000000000000000e+00,1.5379330949216350e+04,1.1850407639829384e-03,1.0800551338346917e+01,1.1850407639378475e-03,1.4091902115600850e-13,1.0000000000000000e+00,
3.2299707440974127e-15,1.5368867354776427e-11,8.5456666679781013e-01,3.6393432639576651e-12,5.7842205013413667e-09,9.1916177143708861e-09,1.0134930531250025e+05,1.0000000000000000e+00,8.5291726568655067e+03,5.8066168066404149e+00,2.1362216790701542e+01,5.8066168066404149e+00,9.7457549328262263e-11,1.0000000000000000e+00,
3.2316531950909752e-15,1.5368852548421193e-11,8.5456666679781013e-01,3.6389674789958179e-12,5.7842332202638411e-09,9.1916320242793465e-09,1.0134930531250025e+05,1.0000000000000000e+00,8.5291726568654576e+03,5.8066168066404149e+00,2.1362216790701542e+01,5.8066168066404149e+00,9.7457111646216512e-11,1.0000000000000000e+00,
8.1556125114836228e-17,5.6904400183470119e-14,8.5483644920384927e-01,3.0397330525242024e-13,1.4262421240878703e-09,1.6720812546936063e-09,1.0134930531250007e+05,1.0000000000000000e+00,1.5379330949204321e+04,1.1850407639837103e-03,1.0800551338352133e+01,1.1850407639378906e-03,1.4058809477824128e-13,1.0000000000000000e+00,
7.0314994919247776e-17,5.6906968072481800e-14,8.5483644920384927e-01,2.8751898767850076e-13,1.4262429964619239e-09,1.6720716509286747e-09,1.0134930531250007e+05,1.0000000000000000e+00,1.5379330949205494e+04,1.1850407639840089e-03,1.0800551338365908e+01,1.1850407639363795e-03,1.4081280021602100e-13,1.0000000000000000e+00,
3.2339613080161102e-15,1.5368862173572277e-11,8.5456666679781013e-01,3.6362539353680060e-12,5.7842428793757349e-09,9.1916205366072621e-09,1.0134930531250025e+05,1.0000000000000000e+00,8.5291726568660470e+03,5.8066168066404149e+00,2.1362216790701542e+01,5.8066168066404149e+00,9.7456972075132546e-11,1.0000000000000000e+00,
3.2298254309441994e-15,1.5368879406964499e-11,8.5456666679781013e-01,3.6389252635536692e-12,5.7842354970324727e-09,9.1916230585959984e-09,1.0134930531250025e+05,1.0000000000000000e+00,8.5291726568644608e+03,5.8066168066404149e+00,2.1362216790701542e+01,5.8066168066404149e+00,9.7457727902165122e-11,1.0000000000000000e+00,

