1
1
14
0
(4 0
((0,0,0) (31,31,31) (0,0,0))
((32,0,0) (63,31,31) (0,0,0))
((0,32,0) (31,63,31) (0,0,0))
((32,32,0) (63,63,31) (0,0,0))
)
4
FabOnDisk: Cell_D_00000 0
FabOnDisk: Cell_D_00000 3670106
FabOnDisk: Cell_D_00001 0
FabOnDisk: Cell_D_00001 3670107

4,14
-5.5253852528529605e-16,-8.0511915902578984e-12,7.1569020610760647e-02,-3.8064620028731054e-13,-1.9051392651927983e-09,-4.8583094298536826e-09,1.0132656249999994e+05,1.0000000000000000e+00,2.6231208616421529e+00,2.6751030966859338e-05,1.9797364236816001e-01,2.6751030970370147e-05,-5.2676595708109946e-11,1.0000000000000000e+00,
-5.4689896432219795e-16,-8.0511932455811652e-12,7.1569020610760661e-02,-3.8083163546753180e-13,-1.9051453282593815e-09,-4.8583091860556859e-09,1.0132656249999994e+05,1.0000000000000000e+00,2.6231208616421529e+00,2.6751030965557858e-05,1.9797364235835391e-01,2.6751030968993790e-05,-5.2676922123716318e-11,1.0000000000000000e+00,
-4.0421343313582355e-16,-8.1165194931064552e-12,7.1569020610760661e-02,-5.9661479435971436e-13,-1.9066327576461123e-09,-4.8583077450379495e-09,1.0132656249999994e+05,1.0000000000000000e+00,2.6231208616421529e+00,2.6751030965997197e-05,1.9797364236166187e-01,2.6751030971118982e-05,-5.2675823268460594e-11,1.0000000000000000e+00,
-4.1494727498808363e-16,-8.1165276014590890e-12,7.1569020610760647e-02,-5.9550643150032423e-13,-1.9066328901887158e-09,-4.8583066112085666e-09,1.0132656249999994e+05,1.0000000000000000e+00,2.6231208616421529e+00,2.6751030964343342e-05,1.9797364234941761e-01,2.6751030970208306e-05,-5.2676114381527421e-11,1.0000000000000000e+00,

4,14
3.9573853376782378e-16,8.1165280442313983e-12,9.3287129755243381e-01,5.9976882934355903e-13,1.9068061265708937e-09,3.1221012647370095e-09,1.0133867187500006e+05,1.0000000000000000e+00,7.4005986018213025e+03,4.6207279881178653e+00,1.2120727981607738e+01,4.6207279881178653e+00,5.2496494149458559e-11,1.0000000000000000e+00,
4.0337399157492348e-16,8.1165278764964989e-12,9.3287129755243381e-01,5.9367874244072630e-13,1.9068064642434273e-09,3.1221034883106604e-09,1.0133867187500006e+05,1.0000000000000000e+00,7.4005986018200001e+03,4.6207279881178653e+00,1.2120727981607743e+01,4.6207279881178653e+00,5.2497301299754608e-11,1.0000000000000000e+00,
5.3641002749695457e-16,8.0512287398546757e-12,9.3287129755243381e-01,3.8007329068613679e-13,1.9053044147409133e-09,3.1220986668300204e-09,1.0133867187500006e+05,1.0000000000000000e+00,7.4005986018241374e+03,4.6207279881178653e+00,1.2120727981607743e+01,4.6207279881178653e+00,5.2496643389654737e-11,1.0000000000000000e+00,
5.2865527707282103e-16,8.0512363358196123e-12,9.3287129755243381e-01,3.8052362875619212e-13,1.9053118700610234e-09,3.1220986408167544e-09,1.0133867187500006e+05,1.0000000000000000e+00,7.4005986018245203e+03,4.6207279881178653e+00,1.2120727981607743e+01,4.6207279881178653e+00,5.2496931481656018e-11,1.0000000000000000e+00,

