1
1
14
0
(2 0
((0,0,0) (15,31,15) (0,0,0))
((16,0,0) (31,31,15) (0,0,0))
)
2
FabOnDisk: Cell_D_00000 0
FabOnDisk: Cell_D_00001 0

2,14
-3.1959834039710174e-16,-4.7303139206691907e-16,6.1523131812279537e-02,-1.3186915712944860e-14,-1.1624120056483323e-14,-1.3182359158505584e-14,1.0132550000000000e+05,1.0000000000000000e+00,1.0000000000000000e+00,6.2499525243004207e-02,6.2499525243004207e-02,6.2499525243002653e-02,-3.2022779177272192e-15,1.0000000000000000e+00,
-3.1959834039710174e-16,-4.7303139206691907e-16,6.1523131812279537e-02,-1.3186915712944860e-14,-1.1624120056483323e-14,-1.3182359158505584e-14,1.0132550000000000e+05,1.0000000000000000e+00,1.0000000000000000e+00,6.2499525243004207e-02,6.2499525243004207e-02,6.2499525243002653e-02,-3.2022779177272192e-15,1.0000000000000000e+00,

2,14
3.2135390986657539e-16,4.7309551776043706e-16,9.9901724609643672e-01,1.3096759940239823e-14,1.1465135872748712e-14,1.3097628444819735e-14,1.0132737500000000e+05,1.0000000000000000e+00,1.0000000000000000e+00,1.9374901525859261e+00,1.9374901525859261e+00,1.9374901525859261e+00,3.1189924593893773e-15,1.0000000000000000e+00,
3.2135390986657539e-16,4.7309551776043706e-16,9.9901724609643672e-01,1.3096759940239823e-14,1.1465135872748712e-14,1.3097628444819735e-14,1.0132737500000000e+05,1.0000000000000000e+00,1.0000000000000000e+00,1.9374901525859261e+00,1.9374901525859261e+00,1.9374901525859261e+00,3.1189924593893773e-15,1.0000000000000000e+00,

