1
1
14
0
(2 0
((0,0,0) (15,31,15) (0,0,0))
((16,0,0) (31,31,15) (0,0,0))
)
2
FabOnDisk: Cell_D_00000 0
FabOnDisk: Cell_D_00001 0

2,14
-1.3150452849724284e-16,-1.2778277723316887e-09,9.6245417014369478e-02,-1.3236742803376517e-13,-1.3411974802156355e-07,-2.8516730190733847e-07,1.0132638889998828e+05,1.0000000000000000e+00,1.7225666736598721e+00,8.5218821332141265e-05,1.8153718739517646e-01,8.5218836511064745e-05,-4.4720042506967152e-09,1.0000000000000000e+00,
-1.3725133130321502e-16,-1.2778277761801539e-09,9.6245417014369519e-02,-1.3376249146994657e-13,-1.3411974648922073e-07,-2.8516730286406658e-07,1.0132638889998828e+05,1.0000000000000000e+00,1.7225666736598719e+00,8.5218821331749611e-05,1.8153718739435745e-01,8.5218836511084478e-05,-4.4720041869724843e-09,1.0000000000000000e+00,

2,14
1.3057245168977888e-16,1.2778277583121600e-09,9.4661517453210886e-01,1.3370760316720840e-13,1.3411974982719531e-07,2.0666009915545954e-07,1.0133159727501120e+05,1.0000000000000000e+00,2.1302475741321177e+03,3.0754532050293202e+00,5.2976731973839497e+00,3.0754532050293202e+00,4.4841119938579051e-09,1.0000000000000000e+00,
1.3431906546418494e-16,1.2778277597147164e-09,9.4661517453210886e-01,1.3484844970432442e-13,1.3411974916488243e-07,2.0666010121930225e-07,1.0133159727501120e+05,1.0000000000000000e+00,2.1302475741317062e+03,3.0754532050293202e+00,5.2976731973839497e+00,3.0754532050293202e+00,4.4841118190031791e-09,1.0000000000000000e+00,

