1
1
14
0
(2 0
((0,0,0) (15,31,15) (0,0,0))
((16,0,0) (31,31,15) (0,0,0))
)
2
FabOnDisk: Cell_D_00000 0
FabOnDisk: Cell_D_00001 0

2,14
-3.6398887906529575e-16,-8.9693405128835714e-10,7.5319470642807210e-02,-7.3276866117590864e-14,-3.7930293516387595e-08,-1.1567953356724354e-07,1.0132578124999543e+05,1.0000000000000000e+00,1.2621776828821016e+00,1.9990315946655869e-04,1.1327993314057917e-01,1.9990328221490021e-04,-3.4144288866672690e-09,1.0000000000000000e+00,
-3.6446768854098584e-16,-8.9693405983144480e-10,7.5319470642807210e-02,-7.2786368422546991e-14,-3.7930292801004068e-08,-1.1567953256068190e-07,1.0132578124999543e+05,1.0000000000000000e+00,1.2621776828821016e+00,1.9990315946717414e-04,1.1327993314094414e-01,1.9990328221497418e-04,-3.4144288061060246e-09,1.0000000000000000e+00,

2,14
3.4469333030959727e-16,8.9693405553651441e-10,9.8346797552030429e-01,7.2646987316389710e-14,3.7930292760862231e-08,8.7107550799498011e-08,1.0132871093750403e+05,1.0000000000000000e+00,5.6667406142892412e+02,2.3838793698741809e+00,3.0088793393418607e+00,2.3838793698741809e+00,3.4269530320229629e-09,1.0000000000000000e+00,
3.5528393478990397e-16,8.9693405406635586e-10,9.8346797552030429e-01,7.1785363527651324e-14,3.7930290468531208e-08,8.7107551002774709e-08,1.0132871093750403e+05,1.0000000000000000e+00,5.6667406142902280e+02,2.3838793698741809e+00,3.0088793393418598e+00,2.3838793698741809e+00,3.4269530113384039e-09,1.0000000000000000e+00,

