1
1
14
0
(32 0
((0,0,0) (31,31,31) (0,0,0))
((96,0,0) (127,31,31) (0,0,0))
((64,0,0) (95,31,31) (0,0,0))
((32,0,0) (63,31,31) (0,0,0))
((0,96,0) (31,127,31) (0,0,0))
((0,64,0) (31,95,31) (0,0,0))
((0,32,0) (31,63,31) (0,0,0))
((96,96,0) (127,127,31) (0,0,0))
((96,64,0) (127,95,31) (0,0,0))
((96,32,0) (127,63,31) (0,0,0))
((64,96,0) (95,127,31) (0,0,0))
((64,64,0) (95,95,31) (0,0,0))
((64,32,0) (95,63,31) (0,0,0))
((32,96,0) (63,127,31) (0,0,0))
((32,64,0) (63,95,31) (0,0,0))
((32,32,0) (63,63,31) (0,0,0))
((0,0,32) (31,31,63) (0,0,0))
((96,0,32) (127,31,63) (0,0,0))
((64,0,32) (95,31,63) (0,0,0))
((32,0,32) (63,31,63) (0,0,0))
((0,96,32) (31,127,63) (0,0,0))
((0,64,32) (31,95,63) (0,0,0))
((0,32,32) (31,63,63) (0,0,0))
((96,96,32) (127,127,63) (0,0,0))
((96,64,32) (127,95,63) (0,0,0))
((96,32,32) (127,63,63) (0,0,0))
((64,96,32) (95,127,63) (0,0,0))
((64,64,32) (95,95,63) (0,0,0))
((64,32,32) (95,63,63) (0,0,0))
((32,96,32) (63,127,63) (0,0,0))
((32,64,32) (63,95,63) (0,0,0))
((32,32,32) (63,63,63) (0,0,0))
)
32
FabOnDisk: Cell_D_00000 0
FabOnDisk: Cell_D_00004 0
FabOnDisk: Cell_D_00004 3670108
FabOnDisk: Cell_D_00000 3670106
FabOnDisk: Cell_D_00009 0
FabOnDisk: Cell_D_00008 0
FabOnDisk: Cell_D_00001 0
FabOnDisk: Cell_D_00013 0
FabOnDisk: Cell_D_00012 0
FabOnDisk: Cell_D_00005 0
FabOnDisk: Cell_D_00013 3670110
FabOnDisk: Cell_D_00012 3670109
FabOnDisk: Cell_D_00005 3670109
FabOnDisk: Cell_D_00009 3670108
FabOnDisk: Cell_D_00008 3670107
FabOnDisk: Cell_D_00001 3670107
FabOnDisk: Cell_D_00002 0
FabOnDisk: Cell_D_00006 0
FabOnDisk: Cell_D_00006 3670109
FabOnDisk: Cell_D_00002 3670107
FabOnDisk: Cell_D_00011 0
FabOnDisk: Cell_D_00010 0
FabOnDisk: Cell_D_00003 0
FabOnDisk: Cell_D_00015 0
FabOnDisk: Cell_D_00014 0
FabOnDisk: Cell_D_00007 0
FabOnDisk: Cell_D_00015 3670111
FabOnDisk: Cell_D_00014 3670110
FabOnDisk: Cell_D_00007 3670110
FabOnDisk: Cell_D_00011 3670109
FabOnDisk: Cell_D_00010 3670108
FabOnDisk: Cell_D_00003 3670108

32,14
-1.9622148389502093e-16,-2.6927667356185388e-16,1.5561051875241311e-02,-4.5468720089660245e-13,-3.5128433886563084e-13,-4.4705625614029575e-13,1.0132612500000000e+05,1.0000000000000000e+00,1.0000000000000000e+00,1.0153583915610762e+00,1.0153583915610762e+00,1.0153583915610749e+00,-3.2453449626232005e-14,1.0000000000000000e+00,
-1.9622148389502093e-16,-2.6927667356185388e-16,1.5561051875241311e-02,-4.5468720089660245e-13,-3.5128433886563084e-13,-4.4705625614029575e-13,1.0132612500000000e+05,1.0000000000000000e+00,1.0000000000000000e+00,1.0153583915610762e+00,1.0153583915610762e+00,1.0153583915610749e+00,-3.2453449626232005e-14,1.0000000000000000e+00,
-1.9622148389502093e-16,-2.6927667356185388e-16,1.5561051875241311e-02,-4.5468720089660245e-13,-3.5128433886563084e-13,-4.4705625614029575e-13,1.0132612500000000e+05,1.0000000000000000e+00,1.0000000000000000e+00,1.0153583915610762e+00,1.0153583915610762e+00,1.0153583915610749e+00,-3.2453449626232005e-14,1.0000000000000000e+00,
-1.9622148389502093e-16,-2.6927667356185388e-16,1.5561051875241311e-02,-4.5468720089660245e-13,-3.5128433886563084e-13,-4.4705625614029575e-13,1.0132612500000000e+05,1.0000000000000000e+00,1.0000000000000000e+00,1.0153583915610762e+00,1.0153583915610762e+00,1.0153583915610749e+00,-3.2453449626232005e-14,1.0000000000000000e+00,
-1.9431063344304720e-16,-2.6976803751793249e-16,1.5561051875241313e-02,-4.4706444638827904e-13,-3.5233750705115665e-13,-4.4746970732363676e-13,1.0132612500000000e+05,1.0000000000000000e+00,1.0000000000000000e+00,1.0153583915610755e+00,1.0153583915610755e+00,1.0153583915610749e+00,-3.2487673480680066e-14,1.0000000000000000e+00,
3.3208210437792419e-16,-5.4421173288270027e-17,7.5758171660384854e-01,-4.5192533897214901e-14,-5.9284289165969170e-14,-4.7701865028565594e-14,1.0132612500000000e+05,1.0000000000000000e+00,1.0000000000000000e+00,1.5620428881111566e-02,1.5620428881111566e-02,1.5620428881108293e-02,-9.2038701567837906e-15,1.0000000000000000e+00,
2.8141699548747684e-16,-6.5353293167260071e-17,7.5758171660384854e-01,-4.3737624488995182e-14,-4.8545031855469989e-14,-4.6419094323917122e-14,1.0132612500000000e+05,1.0000000000000000e+00,1.0000000000000000e+00,1.5620428881110891e-02,1.5620428881110891e-02,1.5620428881108704e-02,-8.4668218348872081e-15,1.0000000000000000e+00,
-1.9431063344304720e-16,-2.6976803751793249e-16,1.5561051875241313e-02,-4.4706444638827904e-13,-3.5233750705115665e-13,-4.4746970732363676e-13,1.0132612500000000e+05,1.0000000000000000e+00,1.0000000000000000e+00,1.0153583915610755e+00,1.0153583915610755e+00,1.0153583915610749e+00,-3.2487673480680066e-14,1.0000000000000000e+00,
3.3208210437792419e-16,-5.4421173288270027e-17,7.5758171660384854e-01,-4.5192533897214901e-14,-5.9284289165969170e-14,-4.7701865028565594e-14,1.0132612500000000e+05,1.0000000000000000e+00,1.0000000000000000e+00,1.5620428881111566e-02,1.5620428881111566e-02,1.5620428881108293e-02,-9.2038701567837906e-15,1.0000000000000000e+00,
2.8141699548747684e-16,-6.5353293167260071e-17,7.5758171660384854e-01,-4.3737624488995182e-14,-4.8545031855469989e-14,-4.6419094323917122e-14,1.0132612500000000e+05,1.0000000000000000e+00,1.0000000000000000e+00,1.5620428881110891e-02,1.5620428881110891e-02,1.5620428881108704e-02,-8.4668218348872081e-15,1.0000000000000000e+00,
-1.9431063344304720e-16,-2.6976803751793249e-16,1.5561051875241313e-02,-4.4706444638827904e-13,-3.5233750705115665e-13,-4.4746970732363676e-13,1.0132612500000000e+05,1.0000000000000000e+00,1.0000000000000000e+00,1.0153583915610755e+00,1.0153583915610755e+00,1.0153583915610749e+00,-3.2487673480680066e-14,1.0000000000000000e+00,
3.3208210437792419e-16,-5.4421173288270027e-17,7.5758171660384854e-01,-4.5192533897214901e-14,-5.9284289165969170e-14,-4.7701865028565594e-14,1.0132612500000000e+05,1.0000000000000000e+00,1.0000000000000000e+00,1.5620428881111566e-02,1.5620428881111566e-02,1.5620428881108293e-02,-9.2038701567837906e-15,1.0000000000000000e+00,
2.8141699548747684e-16,-6.5353293167260071e-17,7.5758171660384854e-01,-4.3737624488995182e-14,-4.8545031855469989e-14,-4.6419094323917122e-14,1.0132612500000000e+05,1.0000000000000000e+00,1.0000000000000000e+00,1.5620428881110891e-02,1.5620428881110891e-02,1.5620428881108704e-02,-8.4668218348872081e-15,1.0000000000000000e+00,
-1.9431063344304720e-16,-2.6976803751793249e-16,1.5561051875241313e-02,-4.4706444638827904e-13,-3.5233750705115665e-13,-4.4746970732363676e-13,1.0132612500000000e+05,1.0000000000000000e+00,1.0000000000000000e+00,1.0153583915610755e+00,1.0153583915610755e+00,1.0153583915610749e+00,-3.2487673480680066e-14,1.0000000000000000e+00,
3.3208210437792419e-16,-5.4421173288270027e-17,7.5758171660384854e-01,-4.5192533897214901e-14,-5.9284289165969170e-14,-4.7701865028565594e-14,1.0132612500000000e+05,1.0000000000000000e+00,1.0000000000000000e+00,1.5620428881111566e-02,1.5620428881111566e-02,1.5620428881108293e-02,-9.2038701567837906e-15,1.0000000000000000e+00,
2.8141699548747684e-16,-6.5353293167260071e-17,7.5758171660384854e-01,-4.3737624488995182e-14,-4.8545031855469989e-14,-4.6419094323917122e-14,1.0132612500000000e+05,1.0000000000000000e+00,1.0000000000000000e+00,1.5620428881110891e-02,1.5620428881110891e-02,1.5620428881108704e-02,-8.4668218348872081e-15,1.0000000000000000e+00,
-1.9622148389502093e-16,-2.6927667356185388e-16,1.5561051875241311e-02,-4.5468720089660245e-13,-3.5128433886563084e-13,-4.4705625614029575e-13,1.0132512500000000e+05,1.0000000000000000e+00,1.0000000000000000e+00,1.0153583915610762e+00,1.0153583915610762e+00,1.0153583915610749e+00,-3.2453449626232005e-14,1.0000000000000000e+00,
-1.9622148389502093e-16,-2.6927667356185388e-16,1.5561051875241311e-02,-4.5468720089660245e-13,-3.5128433886563084e-13,-4.4705625614029575e-13,1.0132512500000000e+05,1.0000000000000000e+00,1.0000000000000000e+00,1.0153583915610762e+00,1.0153583915610762e+00,1.0153583915610749e+00,-3.2453449626232005e-14,1.0000000000000000e+00,
-1.9622148389502093e-16,-2.6927667356185388e-16,1.5561051875241311e-02,-4.5468720089660245e-13,-3.5128433886563084e-13,-4.4705625614029575e-13,1.0132512500000000e+05,1.0000000000000000e+00,1.0000000000000000e+00,1.0153583915610762e+00,1.0153583915610762e+00,1.0153583915610749e+00,-3.2453449626232005e-14,1.0000000000000000e+00,
-1.9622148389502093e-16,-2.6927667356185388e-16,1.5561051875241311e-02,-4.5468720089660245e-13,-3.5128433886563084e-13,-4.4705625614029575e-13,1.0132512500000000e+05,1.0000000000000000e+00,1.0000000000000000e+00,1.0153583915610762e+00,1.0153583915610762e+00,1.0153583915610749e+00,-3.2453449626232005e-14,1.0000000000000000e+00,
-1.9431063344304720e-16,-2.6976803751793249e-16,1.5561051875241313e-02,-4.4706444638827904e-13,-3.5233750705115665e-13,-4.4746970732363676e-13,1.0132512500000000e+05,1.0000000000000000e+00,1.0000000000000000e+00,1.0153583915610755e+00,1.0153583915610755e+00,1.0153583915610749e+00,-3.2487673480680066e-14,1.0000000000000000e+00,
3.3208210437792419e-16,-5.4421173288270027e-17,7.5758171660384854e-01,-4.5192533897214901e-14,-5.9284289165969170e-14,-4.7701865028565594e-14,1.0132512500000000e+05,1.0000000000000000e+00,1.0000000000000000e+00,1.5620428881111566e-02,1.5620428881111566e-02,1.5620428881108293e-02,-9.2038701567837906e-15,1.0000000000000000e+00,
2.8141699548747684e-16,-6.5353293167260071e-17,7.5758171660384854e-01,-4.3737624488995182e-14,-4.8545031855469989e-14,-4.6419094323917122e-14,1.0132512500000000e+05,1.0000000000000000e+00,1.0000000000000000e+00,1.5620428881110891e-02,1.5620428881110891e-02,1.5620428881108704e-02,-8.4668218348872081e-15,1.0000000000000000e+00,
-1.9431063344304720e-16,-2.6976803751793249e-16,1.5561051875241313e-02,-4.4706444638827904e-13,-3.5233750705115665e-13,-4.4746970732363676e-13,1.0132512500000000e+05,1.0000000000000000e+00,1.0000000000000000e+00,1.0153583915610755e+00,1.0153583915610755e+00,1.0153583915610749e+00,-3.2487673480680066e-14,1.0000000000000000e+00,
3.3208210437792419e-16,-5.4421173288270027e-17,7.5758171660384854e-01,-4.5192533897214901e-14,-5.9284289165969170e-14,-4.7701865028565594e-14,1.0132512500000000e+05,1.0000000000000000e+00,1.0000000000000000e+00,1.5620428881111566e-02,1.5620428881111566e-02,1.5620428881108293e-02,-9.2038701567837906e-15,1.0000000000000000e+00,
2.8141699548747684e-16,-6.5353293167260071e-17,7.5758171660384854e-01,-4.3737624488995182e-14,-4.8545031855469989e-14,-4.6419094323917122e-14,1.0132512500000000e+05,1.0000000000000000e+00,1.0000000000000000e+00,1.5620428881110891e-02,1.5620428881110891e-02,1.5620428881108704e-02,-8.4668218348872081e-15,1.0000000000000000e+00,
-1.9431063344304720e-16,-2.6976803751793249e-16,1.5561051875241313e-02,-4.4706444638827904e-13,-3.5233750705115665e-13,-4.4746970732363676e-13,1.0132512500000000e+05,1.0000000000000000e+00,1.0000000000000000e+00,1.0153583915610755e+00,1.0153583915610755e+00,1.0153583915610749e+00,-3.2487673480680066e-14,1.0000000000000000e+00,
3.3208210437792419e-16,-5.4421173288270027e-17,7.5758171660384854e-01,-4.5192533897214901e-14,-5.9284289165969170e-14,-4.7701865028565594e-14,1.0132512500000000e+05,1.0000000000000000e+00,1.0000000000000000e+00,1.5620428881111566e-02,1.5620428881111566e-02,1.5620428881108293e-02,-9.2038701567837906e-15,1.0000000000000000e+00,
2.8141699548747684e-16,-6.5353293167260071e-17,7.5758171660384854e-01,-4.3737624488995182e-14,-4.8545031855469989e-14,-4.6419094323917122e-14,1.0132512500000000e+05,1.0000000000000000e+00,1.0000000000000000e+00,1.5620428881110891e-02,1.5620428881110891e-02,1.5620428881108704e-02,-8.4668218348872081e-15,1.0000000000000000e+00,
-1.9431063344304720e-16,-2.6976803751793249e-16,1.5561051875241313e-02,-4.4706444638827904e-13,-3.5233750705115665e-13,-4.4746970732363676e-13,1.0132512500000000e+05,1.0000000000000000e+00,1.0000000000000000e+00,1.0153583915610755e+00,1.0153583915610755e+00,1.0153583915610749e+00,-3.2487673480680066e-14,1.0000000000000000e+00,
3.3208210437792419e-16,-5.4421173288270027e-17,7.5758171660384854e-01,-4.5192533897214901e-14,-5.9284289165969170e-14,-4.7701865028565594e-14,1.0132512500000000e+05,1.0000000000000000e+00,1.0000000000000000e+00,1.5620428881111566e-02,1.5620428881111566e-02,1.5620428881108293e-02,-9.2038701567837906e-15,1.0000000000000000e+00,
2.8141699548747684e-16,-6.5353293167260071e-17,7.5758171660384854e-01,-4.3737624488995182e-14,-4.8545031855469989e-14,-4.6419094323917122e-14,1.0132512500000000e+05,1.0000000000000000e+00,1.0000000000000000e+00,1.5620428881110891e-02,1.5620428881110891e-02,1.5620428881108704e-02,-8.4668218348872081e-15,1.0000000000000000e+00,

32,14
3.5601843736254937e-16,2.7001249684827055e-16,7.4196083247603695e-01,4.4727136170859601e-13,3.5167817946016607e-13,4.5525656808694634e-13,1.0132709375000000e+05,1.0000000000000000e+00,1.0000000000000000e+00,1.9840023390787531e+00,1.9840023390787531e+00,1.9840023390787531e+00,3.2484354363871555e-14,1.0000000000000000e+00,
3.5601843736254937e-16,2.7001249684827055e-16,7.4196083247603695e-01,4.4727136170859601e-13,3.5167817946016607e-13,4.5525656808694634e-13,1.0132709375000000e+05,1.0000000000000000e+00,1.0000000000000000e+00,1.9840023390787531e+00,1.9840023390787531e+00,1.9840023390787531e+00,3.2484354363871555e-14,1.0000000000000000e+00,
3.5601843736254937e-16,2.7001249684827055e-16,7.4196083247603695e-01,4.4727136170859601e-13,3.5167817946016607e-13,4.5525656808694634e-13,1.0132709375000000e+05,1.0000000000000000e+00,1.0000000000000000e+00,1.9840023390787531e+00,1.9840023390787531e+00,1.9840023390787531e+00,3.2484354363871555e-14,1.0000000000000000e+00,
3.5601843736254937e-16,2.7001249684827055e-16,7.4196083247603695e-01,4.4727136170859601e-13,3.5167817946016607e-13,4.5525656808694634e-13,1.0132709375000000e+05,1.0000000000000000e+00,1.0000000000000000e+00,1.9840023390787531e+00,1.9840023390787531e+00,1.9840023390787531e+00,3.2484354363871555e-14,1.0000000000000000e+00,
3.9235542834926701e-16,2.6912990349208174e-16,7.4196083247603695e-01,4.5451250530289964e-13,3.5215003955356941e-13,4.5518993688541669e-13,1.0132709375000000e+05,1.0000000000000000e+00,1.0000000000000000e+00,1.9840023390787531e+00,1.9840023390787531e+00,1.9840023390787531e+00,3.2455341665279358e-14,1.0000000000000000e+00,
5.8729869641407886e-16,5.3941883318784015e-17,9.9970181623844767e-01,4.4656594922184094e-14,5.5294551313306659e-14,4.8060347634569689e-14,1.0132709375000000e+05,1.0000000000000000e+00,1.0000000000000000e+00,9.8411485613429461e-01,9.8411485613429461e-01,9.8411485613429606e-01,9.0882585057091979e-15,1.0000000000000000e+00,
5.7671327023995893e-16,6.3210446786644585e-17,9.9970181623844767e-01,4.4119482074673905e-14,5.9064962492077781e-14,4.7661428546322891e-14,1.0132709375000000e+05,1.0000000000000000e+00,1.0000000000000000e+00,9.8411485613429428e-01,9.8411485613429428e-01,9.8411485613429583e-01,8.6620079466123056e-15,1.0000000000000000e+00,
3.9235542834926701e-16,2.6912990349208174e-16,7.4196083247603695e-01,4.5451250530289964e-13,3.5215003955356941e-13,4.5518993688541669e-13,1.0132709375000000e+05,1.0000000000000000e+00,1.0000000000000000e+00,1.9840023390787531e+00,1.9840023390787531e+00,1.9840023390787531e+00,3.2455341665279358e-14,1.0000000000000000e+00,
5.8729869641407886e-16,5.3941883318784015e-17,9.9970181623844767e-01,4.4656594922184094e-14,5.5294551313306659e-14,4.8060347634569689e-14,1.0132709375000000e+05,1.0000000000000000e+00,1.0000000000000000e+00,9.8411485613429461e-01,9.8411485613429461e-01,9.8411485613429606e-01,9.0882585057091979e-15,1.0000000000000000e+00,
5.7671327023995893e-16,6.3210446786644585e-17,9.9970181623844767e-01,4.4119482074673905e-14,5.9064962492077781e-14,4.7661428546322891e-14,1.0132709375000000e+05,1.0000000000000000e+00,1.0000000000000000e+00,9.8411485613429428e-01,9.8411485613429428e-01,9.8411485613429583e-01,8.6620079466123056e-15,1.0000000000000000e+00,
3.9235542834926701e-16,2.6912990349208174e-16,7.4196083247603695e-01,4.5451250530289964e-13,3.5215003955356941e-13,4.5518993688541669e-13,1.0132709375000000e+05,1.0000000000000000e+00,1.0000000000000000e+00,1.9840023390787531e+00,1.9840023390787531e+00,1.9840023390787531e+00,3.2455341665279358e-14,1.0000000000000000e+00,
5.8729869641407886e-16,5.3941883318784015e-17,9.9970181623844767e-01,4.4656594922184094e-14,5.5294551313306659e-14,4.8060347634569689e-14,1.0132709375000000e+05,1.0000000000000000e+00,1.0000000000000000e+00,9.8411485613429461e-01,9.8411485613429461e-01,9.8411485613429606e-01,9.0882585057091979e-15,1.0000000000000000e+00,
5.7671327023995893e-16,6.3210446786644585e-17,9.9970181623844767e-01,4.4119482074673905e-14,5.9064962492077781e-14,4.7661428546322891e-14,1.0132709375000000e+05,1.0000000000000000e+00,1.0000000000000000e+00,9.8411485613429428e-01,9.8411485613429428e-01,9.8411485613429583e-01,8.6620079466123056e-15,1.0000000000000000e+00,
3.9235542834926701e-16,2.6912990349208174e-16,7.4196083247603695e-01,4.5451250530289964e-13,3.5215003955356941e-13,4.5518993688541669e-13,1.0132709375000000e+05,1.0000000000000000e+00,1.0000000000000000e+00,1.9840023390787531e+00,1.9840023390787531e+00,1.9840023390787531e+00,3.2455341665279358e-14,1.0000000000000000e+00,
5.8729869641407886e-16,5.3941883318784015e-17,9.9970181623844767e-01,4.4656594922184094e-14,5.5294551313306659e-14,4.8060347634569689e-14,1.0132709375000000e+05,1.0000000000000000e+00,1.0000000000000000e+00,9.8411485613429461e-01,9.8411485613429461e-01,9.8411485613429606e-01,9.0882585057091979e-15,1.0000000000000000e+00,
5.7671327023995893e-16,6.3210446786644585e-17,9.9970181623844767e-01,4.4119482074673905e-14,5.9064962492077781e-14,4.7661428546322891e-14,1.0132709375000000e+05,1.0000000000000000e+00,1.0000000000000000e+00,9.8411485613429428e-01,9.8411485613429428e-01,9.8411485613429583e-01,8.6620079466123056e-15,1.0000000000000000e+00,
3.5601843736254937e-16,2.7001249684827055e-16,7.4196083247603695e-01,4.4727136170859601e-13,3.5167817946016607e-13,4.5525656808694634e-13,1.0132609375000000e+05,1.0000000000000000e+00,1.0000000000000000e+00,1.9840023390787531e+00,1.9840023390787531e+00,1.9840023390787531e+00,3.2484354363871555e-14,1.0000000000000000e+00,
3.5601843736254937e-16,2.7001249684827055e-16,7.4196083247603695e-01,4.4727136170859601e-13,3.5167817946016607e-13,4.5525656808694634e-13,1.0132609375000000e+05,1.0000000000000000e+00,1.0000000000000000e+00,1.9840023390787531e+00,1.9840023390787531e+00,1.9840023390787531e+00,3.2484354363871555e-14,1.0000000000000000e+00,
3.5601843736254937e-16,2.7001249684827055e-16,7.4196083247603695e-01,4.4727136170859601e-13,3.5167817946016607e-13,4.5525656808694634e-13,1.0132609375000000e+05,1.0000000000000000e+00,1.0000000000000000e+00,1.9840023390787531e+00,1.9840023390787531e+00,1.9840023390787531e+00,3.2484354363871555e-14,1.0000000000000000e+00,
3.5601843736254937e-16,2.7001249684827055e-16,7.4196083247603695e-01,4.4727136170859601e-13,3.5167817946016607e-13,4.5525656808694634e-13,1.0132609375000000e+05,1.0000000000000000e+00,1.0000000000000000e+00,1.9840023390787531e+00,1.9840023390787531e+00,1.9840023390787531e+00,3.2484354363871555e-14,1.0000000000000000e+00,
3.9235542834926701e-16,2.6912990349208174e-16,7.4196083247603695e-01,4.5451250530289964e-13,3.5215003955356941e-13,4.5518993688541669e-13,1.0132609375000000e+05,1.0000000000000000e+00,1.0000000000000000e+00,1.9840023390787531e+00,1.9840023390787531e+00,1.9840023390787531e+00,3.2455341665279358e-14,1.0000000000000000e+00,
5.8729869641407886e-16,5.3941883318784015e-17,9.9970181623844767e-01,4.4656594922184094e-14,5.5294551313306659e-14,4.8060347634569689e-14,1.0132609375000000e+05,1.0000000000000000e+00,1.0000000000000000e+00,9.8411485613429461e-01,9.8411485613429461e-01,9.8411485613429606e-01,9.0882585057091979e-15,1.0000000000000000e+00,
5.7671327023995893e-16,6.3210446786644585e-17,9.9970181623844767e-01,4.4119482074673905e-14,5.9064962492077781e-14,4.7661428546322891e-14,1.0132609375000000e+05,1.0000000000000000e+00,1.0000000000000000e+00,9.8411485613429428e-01,9.8411485613429428e-01,9.8411485613429583e-01,8.6620079466123056e-15,1.0000000000000000e+00,
3.9235542834926701e-16,2.6912990349208174e-16,7.4196083247603695e-01,4.5451250530289964e-13,3.5215003955356941e-13,4.5518993688541669e-13,1.0132609375000000e+05,1.0000000000000000e+00,1.0000000000000000e+00,1.9840023390787531e+00,1.9840023390787531e+00,1.9840023390787531e+00,3.2455341665279358e-14,1.0000000000000000e+00,
5.8729869641407886e-16,5.3941883318784015e-17,9.9970181623844767e-01,4.4656594922184094e-14,5.5294551313306659e-14,4.8060347634569689e-14,1.0132609375000000e+05,1.0000000000000000e+00,1.0000000000000000e+00,9.8411485613429461e-01,9.8411485613429461e-01,9.8411485613429606e-01,9.0882585057091979e-15,1.0000000000000000e+00,
5.7671327023995893e-16,6.3210446786644585e-17,9.9970181623844767e-01,4.4119482074673905e-14,5.9064962492077781e-14,4.7661428546322891e-14,1.0132609375000000e+05,1.0000000000000000e+00,1.0000000000000000e+00,9.8411485613429428e-01,9.8411485613429428e-01,9.8411485613429583e-01,8.6620079466123056e-15,1.0000000000000000e+00,
3.9235542834926701e-16,2.6912990349208174e-16,7.4196083247603695e-01,4.5451250530289964e-13,3.5215003955356941e-13,4.5518993688541669e-13,1.0132609375000000e+05,1.0000000000000000e+00,1.0000000000000000e+00,1.9840023390787531e+00,1.9840023390787531e+00,1.9840023390787531e+00,3.2455341665279358e-14,1.0000000000000000e+00,
5.8729869641407886e-16,5.3941883318784015e-17,9.9970181623844767e-01,4.4656594922184094e-14,5.5294551313306659e-14,4.8060347634569689e-14,1.0132609375000000e+05,1.0000000000000000e+00,1.0000000000000000e+00,9.8411485613429461e-01,9.8411485613429461e-01,9.8411485613429606e-01,9.0882585057091979e-15,1.0000000000000000e+00,
5.7671327023995893e-16,6.3210446786644585e-17,9.9970181623844767e-01,4.4119482074673905e-14,5.9064962492077781e-14,4.7661428546322891e-14,1.0132609375000000e+05,1.0000000000000000e+00,1.0000000000000000e+00,9.8411485613429428e-01,9.8411485613429428e-01,9.8411485613429583e-01,8.6620079466123056e-15,1.0000000000000000e+00,
3.9235542834926701e-16,2.6912990349208174e-16,7.4196083247603695e-01,4.5451250530289964e-13,3.5215003955356941e-13,4.5518993688541669e-13,1.0132609375000000e+05,1.0000000000000000e+00,1.0000000000000000e+00,1.9840023390787531e+00,1.9840023390787531e+00,1.9840023390787531e+00,3.2455341665279358e-14,1.0000000000000000e+00,
5.8729869641407886e-16,5.3941883318784015e-17,9.9970181623844767e-01,4.4656594922184094e-14,5.5294551313306659e-14,4.8060347634569689e-14,1.0132609375000000e+05,1.0000000000000000e+00,1.0000000000000000e+00,9.8411485613429461e-01,9.8411485613429461e-01,9.8411485613429606e-01,9.0882585057091979e-15,1.0000000000000000e+00,
5.7671327023995893e-16,6.3210446786644585e-17,9.9970181623844767e-01,4.4119482074673905e-14,5.9064962492077781e-14,4.7661428546322891e-14,1.0132609375000000e+05,1.0000000000000000e+00,1.0000000000000000e+00,9.8411485613429428e-01,9.8411485613429428e-01,9.8411485613429583e-01,8.6620079466123056e-15,1.0000000000000000e+00,

