HyperCLaw-V1.1
14
velx
vely
velz
gpx
gpy
gpz
p
ro
eta
strainrate
stress
vort
divu
volfrac
3
4.0000000000005027
0
0 0 0 
2 2 1 

((0,0,0) (127,127,63) (0,0,0)) 
1 
0.015625 0.015625 0.015625 
0
0
0 32 4.0000000000005027
1
0 0.5
0 0.5
0 0.5
1.5 2
0 0.5
0 0.5
1 1.5
0 0.5
0 0.5
0.5 1
0 0.5
0 0.5
0 0.5
1.5 2
0 0.5
0 0.5
1 1.5
0 0.5
0 0.5
0.5 1
0 0.5
1.5 2
1.5 2
0 0.5
1.5 2
1 1.5
0 0.5
1.5 2
0.5 1
0 0.5
1 1.5
1.5 2
0 0.5
1 1.5
1 1.5
0 0.5
1 1.5
0.5 1
0 0.5
0.5 1
1.5 2
0 0.5
0.5 1
1 1.5
0 0.5
0.5 1
0.5 1
0 0.5
0 0.5
0 0.5
0.5 1
1.5 2
0 0.5
0.5 1
1 1.5
0 0.5
0.5 1
0.5 1
0 0.5
0.5 1
0 0.5
1.5 2
0.5 1
0 0.5
1 1.5
0.5 1
0 0.5
0.5 1
0.5 1
1.5 2
1.5 2
0.5 1
1.5 2
1 1.5
0.5 1
1.5 2
0.5 1
0.5 1
1 1.5
1.5 2
0.5 1
1 1.5
1 1.5
0.5 1
1 1.5
0.5 1
0.5 1
0.5 1
1.5 2
0.5 1
0.5 1
1 1.5
0.5 1
0.5 1
0.5 1
0.5 1
Level_0/Cell
