1
1
14
0
(4 0
((0,0,0) (31,31,31) (0,0,0))
((32,0,0) (63,31,31) (0,0,0))
((0,32,0) (31,63,31) (0,0,0))
((32,32,0) (63,63,31) (0,0,0))
)
4
FabOnDisk: Cell_D_00000 0
FabOnDisk: Cell_D_00000 3670106
FabOnDisk: Cell_D_00001 0
FabOnDisk: Cell_D_00001 3670107

4,14
-5.8744400060323662e-16,-7.5300025088169501e-16,3.1005735908895677e-02,-2.7878464526124121e-13,-2.0197163916637532e-13,-2.6654917210793125e-13,1.0132525000000000e+05,1.0000000000000000e+00,1.0000000000000000e+00,3.1249810075855766e-02,3.1249810075855766e-02,3.1249810075851144e-02,-4.4818209254311899e-14,1.0000000000000000e+00,
-5.8744400060323662e-16,-7.5300025088169501e-16,3.1005735908895677e-02,-2.7878464526124121e-13,-2.0197163916637532e-13,-2.6654917210793125e-13,1.0132525000000000e+05,1.0000000000000000e+00,1.0000000000000000e+00,3.1249810075855766e-02,3.1249810075855766e-02,3.1249810075851144e-02,-4.4818209254311899e-14,1.0000000000000000e+00,
-5.8786659720513745e-16,-7.5337403701773749e-16,3.1005735908895670e-02,-2.6714468281086698e-13,-2.0142635768920170e-13,-2.6702205251885971e-13,1.0132525000000000e+05,1.0000000000000000e+00,1.0000000000000000e+00,3.1249810075857223e-02,3.1249810075857223e-02,3.1249810075851290e-02,-4.4726690434961140e-14,1.0000000000000000e+00,
-5.8786659720513745e-16,-7.5337403701773749e-16,3.1005735908895670e-02,-2.6714468281086698e-13,-2.0142635768920170e-13,-2.6702205251885971e-13,1.0132525000000000e+05,1.0000000000000000e+00,1.0000000000000000e+00,3.1249810075857223e-02,3.1249810075857223e-02,3.1249810075851290e-02,-4.4726690434961140e-14,1.0000000000000000e+00,

4,14
5.8318309122007276e-16,7.5283518958374561e-16,9.9975092893700823e-01,2.6693746939627946e-13,2.0183245228744223e-13,2.7941273319359957e-13,1.0132718750000000e+05,1.0000000000000000e+00,1.0000000000000000e+00,1.9687421930511377e+00,1.9687421930511377e+00,1.9687421930511377e+00,4.4779794265289238e-14,1.0000000000000000e+00,
5.8318309122007276e-16,7.5283518958374561e-16,9.9975092893700823e-01,2.6693746939627946e-13,2.0183245228744223e-13,2.7941273319359957e-13,1.0132718750000000e+05,1.0000000000000000e+00,1.0000000000000000e+00,1.9687421930511377e+00,1.9687421930511377e+00,1.9687421930511377e+00,4.4779794265289238e-14,1.0000000000000000e+00,
5.8416575960274243e-16,7.5447751770267181e-16,9.9975092893700812e-01,2.7895771214372537e-13,2.0134508355644434e-13,2.7948551067406967e-13,1.0132718750000000e+05,1.0000000000000000e+00,1.0000000000000000e+00,1.9687421930511377e+00,1.9687421930511377e+00,1.9687421930511377e+00,4.4746333886479775e-14,1.0000000000000000e+00,
5.8416575960274243e-16,7.5447751770267181e-16,9.9975092893700812e-01,2.7895771214372537e-13,2.0134508355644434e-13,2.7948551067406967e-13,1.0132718750000000e+05,1.0000000000000000e+00,1.0000000000000000e+00,1.9687421930511377e+00,1.9687421930511377e+00,1.9687421930511377e+00,4.4746333886479775e-14,1.0000000000000000e+00,

