1
1
14
0
(32 0
((0,0,0) (31,31,31) (0,0,0))
((96,0,0) (127,31,31) (0,0,0))
((64,0,0) (95,31,31) (0,0,0))
((32,0,0) (63,31,31) (0,0,0))
((0,96,0) (31,127,31) (0,0,0))
((0,64,0) (31,95,31) (0,0,0))
((0,32,0) (31,63,31) (0,0,0))
((96,96,0) (127,127,31) (0,0,0))
((96,64,0) (127,95,31) (0,0,0))
((96,32,0) (127,63,31) (0,0,0))
((64,96,0) (95,127,31) (0,0,0))
((64,64,0) (95,95,31) (0,0,0))
((64,32,0) (95,63,31) (0,0,0))
((32,96,0) (63,127,31) (0,0,0))
((32,64,0) (63,95,31) (0,0,0))
((32,32,0) (63,63,31) (0,0,0))
((0,0,32) (31,31,63) (0,0,0))
((96,0,32) (127,31,63) (0,0,0))
((64,0,32) (95,31,63) (0,0,0))
((32,0,32) (63,31,63) (0,0,0))
((0,96,32) (31,127,63) (0,0,0))
((0,64,32) (31,95,63) (0,0,0))
((0,32,32) (31,63,63) (0,0,0))
((96,96,32) (127,127,63) (0,0,0))
((96,64,32) (127,95,63) (0,0,0))
((96,32,32) (127,63,63) (0,0,0))
((64,96,32) (95,127,63) (0,0,0))
((64,64,32) (95,95,63) (0,0,0))
((64,32,32) (95,63,63) (0,0,0))
((32,96,32) (63,127,63) (0,0,0))
((32,64,32) (63,95,63) (0,0,0))
((32,32,32) (63,63,63) (0,0,0))
)
32
FabOnDisk: Cell_D_00000 0
FabOnDisk: Cell_D_00004 0
FabOnDisk: Cell_D_00004 3670108
FabOnDisk: Cell_D_00000 3670106
FabOnDisk: Cell_D_00009 0
FabOnDisk: Cell_D_00008 0
FabOnDisk: Cell_D_00001 0
FabOnDisk: Cell_D_00013 0
FabOnDisk: Cell_D_00012 0
FabOnDisk: Cell_D_00005 0
FabOnDisk: Cell_D_00013 3670110
FabOnDisk: Cell_D_00012 3670109
FabOnDisk: Cell_D_00005 3670109
FabOnDisk: Cell_D_00009 3670108
FabOnDisk: Cell_D_00008 3670107
FabOnDisk: Cell_D_00001 3670107
FabOnDisk: Cell_D_00002 0
FabOnDisk: Cell_D_00006 0
FabOnDisk: Cell_D_00006 3670109
FabOnDisk: Cell_D_00002 3670107
FabOnDisk: Cell_D_00011 0
FabOnDisk: Cell_D_00010 0
FabOnDisk: Cell_D_00003 0
FabOnDisk: Cell_D_00015 0
FabOnDisk: Cell_D_00014 0
FabOnDisk: Cell_D_00007 0
FabOnDisk: Cell_D_00015 3670111
FabOnDisk: Cell_D_00014 3670110
FabOnDisk: Cell_D_00007 3670110
FabOnDisk: Cell_D_00011 3670109
FabOnDisk: Cell_D_00010 3670108
FabOnDisk: Cell_D_00003 3670108

32,14
-6.7774878953829047e-17,-3.9284608450821192e-11,3.0414255534791049e-02,-1.9462767017665635e-13,-5.4023790787897515e-08,-1.6155260719793304e-07,1.0132949999999935e+05,1.0000000000000000e+00,2.0261766679767836e+00,3.8478091517109507e-02,4.0384781818026267e+00,3.8478091850725579e-02,-4.6046539979179858e-10,1.0000000000000000e+00,
-6.7069231394796000e-17,-3.9284601342326285e-11,3.0414255534791046e-02,-2.0643952665644597e-13,-5.4023785887227899e-08,-1.6155259021259300e-07,1.0132949999999935e+05,1.0000000000000000e+00,2.0261766679767836e+00,3.8478091517111422e-02,4.0384781818027609e+00,3.8478091850722838e-02,-4.6046506780588747e-10,1.0000000000000000e+00,
-6.7381730687152446e-17,-3.9284611540385234e-11,3.0414255534791046e-02,-1.7405250415370792e-13,-5.4023806372987510e-08,-1.6155258136800498e-07,1.0132949999999935e+05,1.0000000000000000e+00,2.0261766679767836e+00,3.8478091517109743e-02,4.0384781818032405e+00,3.8478091850722783e-02,-4.6046567021325038e-10,1.0000000000000000e+00,
-6.6678673995910819e-17,-3.9284602274435288e-11,3.0414255534791046e-02,-1.8027968762340979e-13,-5.4023780148274511e-08,-1.6155265036682640e-07,1.0132949999999935e+05,1.0000000000000000e+00,2.0261766679767832e+00,3.8478091517110444e-02,4.0384781818031170e+00,3.8478091850723095e-02,-4.6046539339715845e-10,1.0000000000000000e+00,
-6.4920154830021946e-17,-3.9631691387400007e-11,3.0414255534791049e-02,-2.5117849669948886e-13,-5.4055861262837913e-08,-1.6155269180527728e-07,1.0132949999999935e+05,1.0000000000000000e+00,2.0261766679767836e+00,3.8478091517110596e-02,4.0384781818026516e+00,3.8478091850722880e-02,-4.6046544051639026e-10,1.0000000000000000e+00,
-7.8415395456880999e-17,-4.0296408854842136e-12,9.8691299324001414e-01,-1.8958308074275375e-13,-3.4136200335980846e-08,-1.3343541482077069e-07,1.0132949999999999e+05,1.0000000000000000e+00,2.4876293855036511e+02,1.5875577841809347e-05,6.3001150343398760e-02,1.5875577841827748e-05,-1.2098799994729665e-10,1.0000000000000000e+00,
-7.2515706363011426e-17,-4.0257646870551928e-12,9.8691299324001425e-01,-1.5906274399970888e-13,-3.4207212020967544e-08,-1.3343534396794235e-07,1.0132949999999999e+05,1.0000000000000000e+00,2.4876293855038097e+02,1.5875577840203478e-05,6.3001150336994466e-02,1.5875577839140651e-05,-1.2098840141712194e-10,1.0000000000000000e+00,
-6.6903674467074974e-17,-3.9631697140499419e-11,3.0414255534791053e-02,-2.2153880801336067e-13,-5.4055888041700823e-08,-1.6155267600425121e-07,1.0132949999999935e+05,1.0000000000000000e+00,2.0261766679767836e+00,3.8478091517107689e-02,4.0384781818028586e+00,3.8478091850722651e-02,-4.6046568011038612e-10,1.0000000000000000e+00,
-7.3071600594310185e-17,-4.0296322257263015e-12,9.8691299324001414e-01,-1.5563650234985284e-13,-3.4136179853926786e-08,-1.3343540631600578e-07,1.0132949999999999e+05,1.0000000000000000e+00,2.4876293855036707e+02,1.5875577839046275e-05,6.3001150332385583e-02,1.5875577838257287e-05,-1.2098858231295058e-10,1.0000000000000000e+00,
-7.4011799948451800e-17,-4.0257605465716610e-12,9.8691299324001414e-01,-1.6838629437610255e-13,-3.4207297384667918e-08,-1.3343533480380528e-07,1.0132949999999999e+05,1.0000000000000000e+00,2.4876293855043451e+02,1.5875577840429365e-05,6.3001150338035036e-02,1.5875577841251214e-05,-1.2098760659503094e-10,1.0000000000000000e+00,
-6.6434546654258485e-17,-3.9631685294360964e-11,3.0414255534791049e-02,-2.2814244524028732e-13,-5.4055924930383391e-08,-1.6155266817225294e-07,1.0132949999999935e+05,1.0000000000000000e+00,2.0261766679767836e+00,3.8478091517107911e-02,4.0384781818033089e+00,3.8478091850723338e-02,-4.6046517270638458e-10,1.0000000000000000e+00,
-9.0529226401477286e-17,-4.0296419277941811e-12,9.8691299324001414e-01,-2.0813775593295726e-13,-3.4136183288922009e-08,-1.3343540352626319e-07,1.0132949999999999e+05,1.0000000000000000e+00,2.4876293855036920e+02,1.5875577841797543e-05,6.3001150343506923e-02,1.5875577838504133e-05,-1.2098800688037271e-10,1.0000000000000000e+00,
-8.3050146159859773e-17,-4.0257645983193974e-12,9.8691299324001414e-01,-1.7091088375948832e-13,-3.4207298150188092e-08,-1.3343535992904242e-07,1.0132949999999999e+05,1.0000000000000000e+00,2.4876293855042192e+02,1.5875577838605537e-05,6.3001150330692840e-02,1.5875577840497171e-05,-1.2098851946438045e-10,1.0000000000000000e+00,
-7.6507056977339169e-17,-3.9631685036608500e-11,3.0414255534791049e-02,-2.6039689994076673e-13,-5.4055860784710896e-08,-1.6155266613502065e-07,1.0132949999999935e+05,1.0000000000000000e+00,2.0261766679767836e+00,3.8478091517110090e-02,4.0384781818027990e+00,3.8478091850723498e-02,-4.6046517717738326e-10,1.0000000000000000e+00,
-8.2617019481027312e-17,-4.0296229746770321e-12,9.8691299324001414e-01,-1.8019001406673569e-13,-3.4136141556447896e-08,-1.3343541527645940e-07,1.0132949999999999e+05,1.0000000000000000e+00,2.4876293855035706e+02,1.5875577840601953e-05,6.3001150338738654e-02,1.5875577841702404e-05,-1.2098706012231512e-10,1.0000000000000000e+00,
-7.4592926125710254e-17,-4.0257637149197664e-12,9.8691299324001414e-01,-1.7099956613024300e-13,-3.4207192815482034e-08,-1.3343534068719547e-07,1.0132949999999999e+05,1.0000000000000000e+00,2.4876293855038801e+02,1.5875577838403140e-05,6.3001150329852734e-02,1.5875577837986908e-05,-1.2098859740637631e-10,1.0000000000000000e+00,
-6.0814016757629700e-17,-3.9284603050038450e-11,3.0414255534791049e-02,-1.7336564070309133e-13,-5.4023834422863968e-08,-1.6155262366768841e-07,1.0132549999999935e+05,1.0000000000000000e+00,2.0261766679767836e+00,3.8478091517109715e-02,4.0384781818030913e+00,3.8478091850720583e-02,-4.6046573073723808e-10,1.0000000000000000e+00,
-7.6233482377407981e-17,-3.9284599097988582e-11,3.0414255534791046e-02,-1.7402559471106704e-13,-5.4023858272020193e-08,-1.6155265976354255e-07,1.0132549999999935e+05,1.0000000000000000e+00,2.0261766679767836e+00,3.8478091517109299e-02,4.0384781818027982e+00,3.8478091850723109e-02,-4.6046729295751297e-10,1.0000000000000000e+00,
-6.3656734166393602e-17,-3.9284620218384144e-11,3.0414255534791046e-02,-1.8907926319653395e-13,-5.4023832785001555e-08,-1.6155266657167354e-07,1.0132549999999935e+05,1.0000000000000000e+00,2.0261766679767836e+00,3.8478091517107751e-02,4.0384781818031144e+00,3.8478091850723095e-02,-4.6046589652765161e-10,1.0000000000000000e+00,
-5.8175305404532209e-17,-3.9284614494447308e-11,3.0414255534791049e-02,-1.6225055020292860e-13,-5.4023768255161026e-08,-1.6155262580064038e-07,1.0132549999999935e+05,1.0000000000000000e+00,2.0261766679767832e+00,3.8478091517109951e-02,4.0384781818030646e+00,3.8478091850723435e-02,-4.6046525257336126e-10,1.0000000000000000e+00,
-6.8713594298558952e-17,-3.9631689535171189e-11,3.0414255534791049e-02,-2.4126048348026412e-13,-5.4055835048775361e-08,-1.6155263841644007e-07,1.0132549999999935e+05,1.0000000000000000e+00,2.0261766679767836e+00,3.8478091517107807e-02,4.0384781818027857e+00,3.8478091850723983e-02,-4.6046712776455603e-10,1.0000000000000000e+00,
-7.6264468967605151e-17,-4.0296549518604818e-12,9.8691299324001414e-01,-1.6998003544130222e-13,-3.4136175404330140e-08,-1.3343542750598039e-07,1.0132549999999999e+05,1.0000000000000000e+00,2.4876293855033097e+02,1.5875577840954745e-05,6.3001150340068798e-02,1.5875577841283289e-05,-1.2098806300168692e-10,1.0000000000000000e+00,
-7.6719257402621558e-17,-4.0257688049957248e-12,9.8691299324001414e-01,-1.7915949750915473e-13,-3.4207262232005759e-08,-1.3343539959017327e-07,1.0132549999999999e+05,1.0000000000000000e+00,2.4876293855040200e+02,1.5875577840732253e-05,6.3001150339114548e-02,1.5875577842031331e-05,-1.2098859599223872e-10,1.0000000000000000e+00,
-6.1548033807903012e-17,-3.9631676268165758e-11,3.0414255534791046e-02,-2.2067020557062786e-13,-5.4055862761805452e-08,-1.6155264105488364e-07,1.0132549999999935e+05,1.0000000000000000e+00,2.0261766679767836e+00,3.8478091517110249e-02,4.0384781818032209e+00,3.8478091850724212e-02,-4.6046570769103030e-10,1.0000000000000000e+00,
-8.5608413001438931e-17,-4.0296426121897924e-12,9.8691299324001414e-01,-1.7625477991025409e-13,-3.4136209963680924e-08,-1.3343541161915378e-07,1.0132549999999999e+05,1.0000000000000000e+00,2.4876293855033433e+02,1.5875577841883358e-05,6.3001150343794832e-02,1.5875577840368117e-05,-1.2098796653658365e-10,1.0000000000000000e+00,
-9.0413390511074734e-17,-4.0257777403512453e-12,9.8691299324001414e-01,-1.7579961418951912e-13,-3.4207239082034165e-08,-1.3343538667186198e-07,1.0132549999999999e+05,1.0000000000000000e+00,2.4876293855039697e+02,1.5875577840903422e-05,6.3001150339837317e-02,1.5875577838816390e-05,-1.2098781083757768e-10,1.0000000000000000e+00,
-6.6030524581219040e-17,-3.9631684923055575e-11,3.0414255534791046e-02,-2.3382636254068083e-13,-5.4055845136328985e-08,-1.6155265815572465e-07,1.0132549999999935e+05,1.0000000000000000e+00,2.0261766679767836e+00,3.8478091517110478e-02,4.0384781818029554e+00,3.8478091850726280e-02,-4.6046504776120676e-10,1.0000000000000000e+00,
-7.2021834824365666e-17,-4.0296559378391748e-12,9.8691299324001414e-01,-1.8833340985684151e-13,-3.4136170701516264e-08,-1.3343541469184851e-07,1.0132549999999999e+05,1.0000000000000000e+00,2.4876293855036548e+02,1.5875577840946377e-05,6.3001150340086493e-02,1.5875577841024595e-05,-1.2098811840115977e-10,1.0000000000000000e+00,
-6.7441334780553291e-17,-4.0257644128626994e-12,9.8691299324001414e-01,-2.3131802557260562e-13,-3.4207186050762098e-08,-1.3343535615903758e-07,1.0132549999999999e+05,1.0000000000000000e+00,2.4876293855039532e+02,1.5875577840943537e-05,6.3001150340118786e-02,1.5875577840490273e-05,-1.2098794608952845e-10,1.0000000000000000e+00,
-6.3003125992317025e-17,-3.9631692251878336e-11,3.0414255534791049e-02,-2.2788938492174972e-13,-5.4055842636925234e-08,-1.6155264630441052e-07,1.0132549999999935e+05,1.0000000000000000e+00,2.0261766679767836e+00,3.8478091517110166e-02,4.0384781818030460e+00,3.8478091850725267e-02,-4.6046564040967658e-10,1.0000000000000000e+00,
-6.8522700615653043e-17,-4.0296361150410657e-12,9.8691299324001425e-01,-2.1604958683342474e-13,-3.4136140803517451e-08,-1.3343540320621762e-07,1.0132549999999999e+05,1.0000000000000000e+00,2.4876293855037790e+02,1.5875577840181340e-05,6.3001150336915029e-02,1.5875577838147780e-05,-1.2098784515613321e-10,1.0000000000000000e+00,
-8.3420729272911599e-17,-4.0257602212329893e-12,9.8691299324001425e-01,-1.5940493851066479e-13,-3.4207256746536351e-08,-1.3343535026894773e-07,1.0132549999999999e+05,1.0000000000000000e+00,2.4876293855041780e+02,1.5875577841317909e-05,6.3001150341409975e-02,1.5875577839061599e-05,-1.2098812124312051e-10,1.0000000000000000e+00,

32,14
6.4897993297682955e-17,3.9631722518947178e-11,9.8655960539028875e-01,2.4473535288237442e-13,5.4055814924362468e-08,6.4951886471522180e-08,1.0133337500000061e+05,1.0000000000000000e+00,1.0495526213967715e+02,3.8979642653371753e+00,7.8979642470334506e+00,3.8979642653371753e+00,4.5920491495710800e-10,1.0000000000000000e+00,
6.6276445583857392e-17,3.9631707580323532e-11,9.8655960539028886e-01,2.0405864239018262e-13,5.4055880286481028e-08,6.4951890327335852e-08,1.0133337500000061e+05,1.0000000000000000e+00,1.0495526213968846e+02,3.8979642653371753e+00,7.8979642470334506e+00,3.8979642653371753e+00,4.5920487606257283e-10,1.0000000000000000e+00,
6.4502405382185087e-17,3.9631686702602702e-11,9.8655960539028886e-01,2.2704635316633575e-13,5.4055905535367112e-08,6.4951896314733334e-08,1.0133337500000061e+05,1.0000000000000000e+00,1.0495526213968415e+02,3.8979642653371753e+00,7.8979642470334506e+00,3.8979642653371753e+00,4.5920612727480641e-10,1.0000000000000000e+00,
7.1097636301275669e-17,3.9631689065355859e-11,9.8655960539028875e-01,2.2111639194306546e-13,5.4055943825647128e-08,6.4951891723764070e-08,1.0133337500000061e+05,1.0000000000000000e+00,1.0495526213967862e+02,3.8979642653371753e+00,7.8979642470334506e+00,3.8979642653371753e+00,4.5920455751866431e-10,1.0000000000000000e+00,
6.3973480188369985e-17,3.9284607865676269e-11,9.8655960539028886e-01,1.8426834390902632e-13,5.4023898406644777e-08,6.4951886558031600e-08,1.0133337500000061e+05,1.0000000000000000e+00,1.0495526213968323e+02,3.8979642653371753e+00,7.8979642470334497e+00,3.8979642653371753e+00,4.5920548517858287e-10,1.0000000000000000e+00,
8.3510950900053723e-17,4.0257545012148210e-12,9.8751471030877991e-01,1.7088675694746496e-13,3.4207288278757222e-08,3.9023046047240284e-08,1.0133337500000001e+05,1.0000000000000000e+00,3.9684319507235114e+03,1.6144463167150687e-02,4.0161441078017397e+00,1.6144463362103147e-02,1.2080809978072006e-10,1.0000000000000000e+00,
8.0767645331320172e-17,4.0296788468554422e-12,9.8751471030877991e-01,2.0374439670294836e-13,3.4136146462325216e-08,3.9022891556509242e-08,1.0133337500000001e+05,1.0000000000000000e+00,3.9684319507267087e+03,1.6144463167152023e-02,4.0161441078013063e+00,1.6144463362102755e-02,1.2080821022003693e-10,1.0000000000000000e+00,
7.5496056828532729e-17,3.9284612603096446e-11,9.8655960539028886e-01,2.0074095776476981e-13,5.4023880896530611e-08,6.4951889156432353e-08,1.0133337500000061e+05,1.0000000000000000e+00,1.0495526213968154e+02,3.8979642653371753e+00,7.8979642470334497e+00,3.8979642653371753e+00,4.5920603317394175e-10,1.0000000000000000e+00,
7.4126625690171139e-17,4.0257703255396351e-12,9.8751471030877991e-01,1.7028754534087034e-13,3.4207249085527087e-08,3.9023087450742114e-08,1.0133337500000001e+05,1.0000000000000000e+00,3.9684319507288074e+03,1.6144463167149441e-02,4.0161441078033597e+00,1.6144463362099935e-02,1.2080883368896808e-10,1.0000000000000000e+00,
8.8591290888101299e-17,4.0296697055939716e-12,9.8751471030877991e-01,1.9484055371659271e-13,3.4136189365098933e-08,3.9022942334427897e-08,1.0133337500000001e+05,1.0000000000000000e+00,3.9684319507260961e+03,1.6144463167148817e-02,4.0161441078018552e+00,1.6144463362101704e-02,1.2080800583132939e-10,1.0000000000000000e+00,
6.7760904791560762e-17,3.9284618354206579e-11,9.8655960539028886e-01,1.6653928335501957e-13,5.4023881333434149e-08,6.4951886352729211e-08,1.0133337500000061e+05,1.0000000000000000e+00,1.0495526213967565e+02,3.8979642653371753e+00,7.8979642470334497e+00,3.8979642653371753e+00,4.5920665453355156e-10,1.0000000000000000e+00,
7.8179525179145967e-17,4.0257599443302872e-12,9.8751471030877991e-01,1.5665533195131892e-13,3.4207372665094316e-08,3.9023097512604037e-08,1.0133337500000001e+05,1.0000000000000000e+00,3.9684319507255500e+03,1.6144463167152085e-02,4.0161441078009625e+00,1.6144463362102124e-02,1.2080806713225312e-10,1.0000000000000000e+00,
7.3247932895456561e-17,4.0296654949714628e-12,9.8751471030877991e-01,2.0686590695177651e-13,3.4136275457093853e-08,3.9022863597361990e-08,1.0133337500000001e+05,1.0000000000000000e+00,3.9684319507245932e+03,1.6144463167151537e-02,4.0161441078022291e+00,1.6144463362102401e-02,1.2080691926740816e-10,1.0000000000000000e+00,
6.4670339778726179e-17,3.9284610770929059e-11,9.8655960539028875e-01,1.6993568120952885e-13,5.4023849572067712e-08,6.4951883811998405e-08,1.0133337500000061e+05,1.0000000000000000e+00,1.0495526213967990e+02,3.8979642653371753e+00,7.8979642470334497e+00,3.8979642653371753e+00,4.5920609551007543e-10,1.0000000000000000e+00,
7.6726580876297056e-17,4.0257661332014723e-12,9.8751471030877991e-01,1.6536801845685457e-13,3.4207363593239989e-08,3.9023023850811226e-08,1.0133337500000001e+05,1.0000000000000000e+00,3.9684319507260120e+03,1.6144463167152647e-02,4.0161441078018560e+00,1.6144463362102721e-02,1.2080964809734269e-10,1.0000000000000000e+00,
7.5239179518020103e-17,4.0296722706425727e-12,9.8751471030877991e-01,1.7960773646576229e-13,3.4136239721204736e-08,3.9022962882762781e-08,1.0133337500000001e+05,1.0000000000000000e+00,3.9684319507257965e+03,1.6144463167148713e-02,4.0161441078022495e+00,1.6144463362102315e-02,1.2080892643258970e-10,1.0000000000000000e+00,
6.4937979306746123e-17,3.9631715807178291e-11,9.8655960539028875e-01,2.1700376231490111e-13,5.4055955722012075e-08,6.4951889373176332e-08,1.0132937500000061e+05,1.0000000000000000e+00,1.0495526213967787e+02,3.8979642653371753e+00,7.8979642470334497e+00,3.8979642653371753e+00,4.5920476089975944e-10,1.0000000000000000e+00,
6.8569153194956730e-17,3.9631706130468535e-11,9.8655960539028875e-01,2.1447236712228662e-13,5.4055829865816041e-08,6.4951888205725326e-08,1.0132937500000061e+05,1.0000000000000000e+00,1.0495526213967663e+02,3.8979642653371753e+00,7.8979642470334497e+00,3.8979642653371753e+00,4.5920579493976005e-10,1.0000000000000000e+00,
6.7485336007094408e-17,3.9631702647698068e-11,9.8655960539028875e-01,2.2882199049084858e-13,5.4055917220864656e-08,6.4951891388904047e-08,1.0132937500000061e+05,1.0000000000000000e+00,1.0495526213967844e+02,3.8979642653371753e+00,7.8979642470334506e+00,3.8979642653371753e+00,4.5920573282194709e-10,1.0000000000000000e+00,
6.6964394617099445e-17,3.9631706190571853e-11,9.8655960539028875e-01,2.1956462707125719e-13,5.4055868246084884e-08,6.4951886779495670e-08,1.0132937500000061e+05,1.0000000000000000e+00,1.0495526213967929e+02,3.8979642653371753e+00,7.8979642470334506e+00,3.8979642653371753e+00,4.5920519405684950e-10,1.0000000000000000e+00,
6.9981610423880909e-17,3.9284621318467067e-11,9.8655960539028875e-01,1.9490370827538467e-13,5.4023832545503678e-08,6.4951885372947910e-08,1.0132937500000061e+05,1.0000000000000000e+00,1.0495526213967440e+02,3.8979642653371753e+00,7.8979642470334497e+00,3.8979642653371753e+00,4.5920414619156886e-10,1.0000000000000000e+00,
6.7911947780240369e-17,4.0257636718536498e-12,9.8751471030877991e-01,1.6655225522868258e-13,3.4207269219548120e-08,3.9023088374415131e-08,1.0132937500000001e+05,1.0000000000000000e+00,3.9684319507279752e+03,1.6144463167149334e-02,4.0161441078020923e+00,1.6144463362102780e-02,1.2080851213183053e-10,1.0000000000000000e+00,
7.7139389812010804e-17,4.0296659003387779e-12,9.8751471030877991e-01,2.2963543363851290e-13,3.4136247747730105e-08,3.9022967389899553e-08,1.0132937500000001e+05,1.0000000000000000e+00,3.9684319507261507e+03,1.6144463167153362e-02,4.0161441078024556e+00,1.6144463362102530e-02,1.2080788236809566e-10,1.0000000000000000e+00,
7.2774605051159879e-17,3.9284611483294792e-11,9.8655960539028875e-01,2.4619451827646148e-13,5.4023847786953147e-08,6.4951883556733300e-08,1.0132937500000061e+05,1.0000000000000000e+00,1.0495526213968415e+02,3.8979642653371753e+00,7.8979642470334506e+00,3.8979642653371753e+00,4.5920487086744343e-10,1.0000000000000000e+00,
7.5916546067106398e-17,4.0257640383468156e-12,9.8751471030877991e-01,1.6321562909368462e-13,3.4207241150903959e-08,3.9023085283142807e-08,1.0132937500000001e+05,1.0000000000000000e+00,3.9684319507259520e+03,1.6144463167149323e-02,4.0161441078020692e+00,1.6144463362101617e-02,1.2080869710204590e-10,1.0000000000000000e+00,
8.1792309215562186e-17,4.0296602318219893e-12,9.8751471030877991e-01,2.0007957678514124e-13,3.4136175977721894e-08,3.9023026840237341e-08,1.0132937500000001e+05,1.0000000000000000e+00,3.9684319507276296e+03,1.6144463167150347e-02,4.0161441078014635e+00,1.6144463362105968e-02,1.2080825474485139e-10,1.0000000000000000e+00,
7.2047628146057967e-17,3.9284624093585333e-11,9.8655960539028886e-01,1.8506967667488519e-13,5.4023901156672626e-08,6.4951887699192371e-08,1.0132937500000061e+05,1.0000000000000000e+00,1.0495526213967806e+02,3.8979642653371753e+00,7.8979642470334497e+00,3.8979642653371753e+00,4.5920517656275906e-10,1.0000000000000000e+00,
7.3968780469755447e-17,4.0257812265067545e-12,9.8751471030877991e-01,1.8941473647323948e-13,3.4207258233486372e-08,3.9023045209456222e-08,1.0132937500000001e+05,1.0000000000000000e+00,3.9684319507250357e+03,1.6144463167150166e-02,4.0161441078027096e+00,1.6144463362102665e-02,1.2080787470110727e-10,1.0000000000000000e+00,
7.3340327819464165e-17,4.0296617931256960e-12,9.8751471030877991e-01,1.8720395923725324e-13,3.4136256190418814e-08,3.9022908331768077e-08,1.0132937500000001e+05,1.0000000000000000e+00,3.9684319507255445e+03,1.6144463167150135e-02,4.0161441078022371e+00,1.6144463362104480e-02,1.2080783212165517e-10,1.0000000000000000e+00,
6.8623607640977145e-17,3.9284621478470467e-11,9.8655960539028875e-01,1.7266667560011308e-13,5.4023865379148922e-08,6.4951888416995924e-08,1.0132937500000061e+05,1.0000000000000000e+00,1.0495526213968149e+02,3.8979642653371753e+00,7.8979642470334506e+00,3.8979642653371753e+00,4.5920589116462016e-10,1.0000000000000000e+00,
7.7393432337687367e-17,4.0257692557848312e-12,9.8751471030877991e-01,1.5971685292282881e-13,3.4207278245944671e-08,3.9023019870113663e-08,1.0132937500000001e+05,1.0000000000000000e+00,3.9684319507258883e+03,1.6144463167149424e-02,4.0161441078026865e+00,1.6144463362100406e-02,1.2080839488071906e-10,1.0000000000000000e+00,
6.8016016802711716e-17,4.0296566228401725e-12,9.8751471030877991e-01,2.0138188892814507e-13,3.4136282355660346e-08,3.9023033803354580e-08,1.0132937500000001e+05,1.0000000000000000e+00,3.9684319507260211e+03,1.6144463167152106e-02,4.0161441078024076e+00,1.6144463362105437e-02,1.2080644533889564e-10,1.0000000000000000e+00,

